516 148 602 152
516 188 626 172
516 196 624 182
516 204 624 190
516 212 624 198
516 220 624 206
516 228 624 214
516 236 624 222
516 244 624 232
516 252 622 240
516 268 624 254
516 276 622 266
516 292 624 282
516 300 624 290
516 308 624 298
516 316 624 306
516 324 626 316
516 332 624 322
516 340 624 332
516 348 626 340
516 356 626 348
516 420 606 424
516 124 606 128
524 140 612 144
524 180 636 162
524 188 634 172
524 196 634 180
524 212 634 198
524 228 632 214
524 236 632 224
524 244 632 232
524 252 632 240
524 260 632 248
524 268 630 258
524 276 630 266
524 284 630 274
524 292 632 282
524 300 632 290
524 308 632 298
524 316 634 306
524 332 634 322
524 340 634 332
524 348 632 340
524 420 610 424
132 188 172 190
132 204 174 206
132 220 174 220
132 228 174 228
132 60 170 54
132 252 176 250
132 260 178 260
132 268 178 266
132 68 170 62
132 292 168 292
132 300 168 300
132 76 170 70
132 308 168 306
132 316 170 316
132 324 174 326
132 332 174 334
132 84 168 78
132 348 176 348
132 356 178 356
132 364 176 366
132 92 170 86
132 372 176 374
132 380 176 380
132 388 176 388
132 396 176 400
132 404 176 408
132 412 176 416
132 420 176 424
132 428 176 432
532 172 640 158
532 180 642 164
532 188 640 174
532 196 642 180
532 212 642 196
532 220 642 206
532 228 640 214
532 252 640 238
532 268 640 254
532 276 640 264
532 292 640 282
532 300 640 290
532 308 640 298
532 316 640 306
532 324 638 314
532 332 640 324
532 340 640 332
532 404 620 408
540 172 650 156
540 180 654 162
540 212 654 198
540 220 650 206
540 228 646 218
540 236 648 222
540 244 648 230
540 252 648 240
540 268 650 258
540 276 650 264
540 284 650 274
540 292 648 282
540 300 648 290
540 308 648 298
540 316 648 306
540 324 648 316
540 332 648 324
540 388 626 392
540 396 628 400
540 404 628 408
540 412 626 416
540 428 628 432
540 108 626 112
548 156 656 142
548 164 656 150
548 172 658 156
548 180 658 164
548 204 662 188
548 212 658 198
548 220 658 206
548 228 656 216
548 244 660 230
548 268 658 256
548 276 660 264
548 284 658 274
548 292 658 282
548 300 658 290
548 308 656 298
548 316 658 306
548 324 656 316
548 332 656 324
548 388 638 392
548 396 636 400
548 404 638 408
548 420 634 424
548 428 638 432
556 148 664 134
556 156 664 142
556 164 668 150
556 172 670 158
556 196 668 182
556 204 668 188
556 212 666 196
556 220 666 204
556 228 668 212
556 236 666 224
556 260 668 246
556 268 666 256
556 276 668 264
556 284 666 274
556 292 666 282
556 300 666 290
556 308 664 298
556 316 666 306
556 324 664 316
556 372 644 376
556 388 646 392
556 420 646 424
140 132 178 128
140 148 176 146
140 156 176 154
140 204 180 206
140 212 182 212
140 220 180 220
140 228 182 228
140 236 182 238
140 60 178 54
140 244 182 244
140 68 178 62
140 284 174 286
140 292 176 292
140 300 176 300
140 76 178 70
140 308 176 308
140 316 178 316
140 324 180 324
140 332 180 332
140 340 184 340
140 356 186 360
140 92 178 86
140 372 184 374
140 380 184 382
140 388 184 390
140 396 184 398
140 100 178 94
140 404 184 406
140 412 184 414
140 420 184 424
140 428 186 432
140 108 176 104
140 124 178 124
564 132 674 116
564 140 672 126
564 148 672 134
564 156 672 142
564 164 674 148
564 172 678 156
564 180 674 164
564 196 674 182
564 204 674 190
564 212 674 196
564 220 674 208
564 228 674 216
564 244 674 232
564 252 674 240
564 268 676 256
564 276 676 264
564 284 678 274
564 292 676 282
564 300 674 290
564 308 674 298
564 372 658 376
564 420 652 424
572 140 686 124
572 148 684 132
572 156 684 140
572 164 682 150
572 172 682 156
572 180 682 162
572 212 682 200
572 220 682 208
572 228 682 216
572 236 682 224
572 244 682 232
572 252 680 240
572 260 684 248
572 268 684 256
572 276 684 264
572 284 682 274
572 292 682 282
572 300 682 290
572 428 660 432
572 108 684 88
572 116 682 98
572 124 682 106
36 132 72 128
36 140 72 136
36 148 72 144
36 156 72 154
36 172 74 166
36 180 74 178
36 188 74 186
36 236 76 228
36 244 76 234
36 276 82 276
36 284 84 284
36 292 82 294
36 300 82 300
36 308 82 308
36 316 84 314
36 324 86 322
36 332 86 330
36 84 74 78
36 348 74 348
36 356 78 356
36 364 78 364
36 92 74 86
36 372 78 372
36 380 76 382
36 388 76 390
36 396 76 398
36 100 74 94
36 404 76 408
36 420 76 422
36 428 76 432
36 108 72 102
36 116 72 110
36 124 72 120
580 132 694 114
580 148 694 130
580 156 690 138
580 164 688 150
580 172 690 156
580 180 690 162
580 188 690 174
580 196 688 182
580 204 694 190
580 212 690 200
580 220 690 208
580 228 690 216
580 236 688 224
580 244 688 232
580 252 692 240
580 260 692 248
580 268 692 258
580 276 692 264
580 284 690 274
580 292 690 282
580 340 670 344
580 100 692 80
580 108 692 88
580 124 690 108
588 140 700 124
588 148 700 130
588 156 698 138
588 164 696 150
588 180 702 164
588 188 702 170
588 196 700 182
588 204 700 190
588 212 698 200
588 220 698 208
588 228 698 216
588 236 698 224
588 244 700 232
588 252 700 240
588 260 700 248
588 268 700 256
588 276 698 266
588 76 700 56
588 84 700 64
588 340 676 344
588 92 700 72
588 100 700 80
588 108 698 90
588 124 698 110
148 132 186 128
148 140 182 138
148 148 184 144
148 156 184 152
148 204 190 204
148 212 188 210
148 220 190 216
148 228 188 228
148 236 188 234
148 60 188 54
148 244 188 246
148 252 188 250
148 260 190 260
148 268 186 268
148 68 186 62
148 276 186 274
148 284 186 282
148 292 186 290
148 300 186 300
148 76 186 70
148 308 186 308
148 316 186 316
148 324 186 324
148 332 188 334
148 84 186 76
148 340 192 340
148 348 190 348
148 364 192 366
148 92 184 86
148 372 192 374
148 380 192 380
148 388 192 390
148 396 192 398
148 100 184 94
148 404 192 406
148 412 192 414
148 420 190 422
148 428 194 432
148 108 186 102
148 116 184 114
148 124 186 122
596 132 710 114
596 140 708 124
596 148 710 128
596 156 708 138
596 164 710 146
596 188 708 174
596 196 708 182
596 204 708 190
596 52 710 30
596 212 708 200
596 220 706 208
596 228 706 216
596 236 708 224
596 60 708 40
596 244 708 232
596 252 708 240
596 260 708 248
596 268 708 256
596 68 708 48
596 76 708 56
596 324 684 328
596 84 708 64
596 92 708 74
596 420 686 426
596 108 704 90
596 116 704 98
596 124 710 106
604 132 716 114
604 140 714 124
604 36 716 16
604 148 716 130
604 156 718 138
604 164 716 144
604 172 718 156
604 44 716 26
604 188 716 174
604 196 714 182
604 204 716 190
604 52 716 32
604 212 716 198
604 220 716 208
604 228 714 216
604 236 716 224
604 60 716 40
604 244 716 232
604 252 714 240
604 260 716 248
604 268 716 256
604 76 718 56
604 84 718 64
604 340 694 344
604 92 716 74
604 100 716 82
604 420 694 426
604 108 714 90
604 116 716 98
604 124 716 108
612 132 722 116
612 140 726 124
612 36 724 16
612 148 726 130
612 164 724 150
612 172 724 158
612 180 724 166
612 188 724 172
612 196 726 182
612 204 722 194
612 52 726 30
612 212 726 200
612 228 722 216
612 236 724 224
612 60 726 38
612 244 724 232
612 252 724 240
612 260 724 248
612 76 726 56
612 84 726 64
612 340 702 344
612 92 726 74
612 100 724 82
612 412 698 416
612 28 724 8
612 116 722 98
612 124 722 110
620 132 734 116
620 140 734 124
620 148 734 130
620 156 734 140
620 164 734 148
620 172 732 158
620 44 732 24
620 180 732 164
620 188 732 174
620 204 732 190
620 52 732 32
620 212 734 198
620 228 730 216
620 236 732 224
620 60 732 40
620 244 732 232
620 252 732 240
620 68 734 48
620 76 730 56
620 308 706 312
620 84 732 66
620 364 706 368
620 92 734 74
620 396 706 400
620 100 730 84
620 412 708 416
620 428 706 432
620 108 730 90
620 116 730 100
620 124 732 110
156 132 194 126
156 148 192 142
156 164 194 158
156 172 194 170
156 180 194 176
156 188 194 186
156 196 196 192
156 204 194 202
156 212 194 210
156 220 194 216
156 228 194 226
156 236 194 234
156 60 196 54
156 244 192 242
156 252 192 250
156 260 192 258
156 268 192 266
156 68 196 62
156 276 192 274
156 284 194 282
156 292 194 290
156 300 194 302
156 76 192 70
156 308 194 306
156 316 194 316
156 324 194 324
156 332 198 334
156 84 192 78
156 340 200 340
156 348 200 348
156 356 198 354
156 92 194 86
156 372 200 374
156 388 200 390
156 396 200 398
156 100 194 94
156 404 202 408
156 412 202 416
156 420 202 424
156 428 202 432
156 108 192 102
156 116 192 112
628 132 742 116
628 140 742 124
628 36 742 18
628 148 742 132
628 156 742 140
628 164 740 148
628 172 740 158
628 44 738 24
628 180 740 166
628 188 738 176
628 204 740 190
628 52 740 32
628 212 742 198
628 220 742 206
628 228 740 216
628 60 738 40
628 76 738 56
628 84 742 64
628 92 742 72
628 372 712 378
628 100 744 82
628 412 718 416
628 420 714 424
628 108 742 92
628 28 742 10
628 116 738 102
628 124 740 108
636 132 750 116
636 140 750 124
636 36 748 18
636 148 750 132
636 156 748 140
636 164 748 148
636 172 750 158
636 44 746 24
636 188 748 174
636 196 748 182
636 204 748 190
636 212 750 198
636 220 750 206
636 60 750 38
636 68 748 50
636 284 724 288
636 76 748 58
636 20 746 6
636 84 748 64
636 100 752 80
636 412 724 416
636 428 726 432
636 28 748 12
636 116 748 98
636 124 750 108
644 132 756 114
644 140 756 124
644 36 756 18
644 148 756 132
644 172 758 158
644 44 756 26
644 180 756 166
644 196 758 182
644 204 758 190
644 52 758 32
644 212 758 198
644 60 756 42
644 68 758 48
644 76 758 56
644 308 734 312
644 20 756 2
644 84 758 66
644 340 730 344
644 356 730 360
644 92 758 74
644 396 730 400
644 412 732 416
644 28 756 10
644 116 756 98
644 124 756 106
652 132 764 114
652 140 766 124
652 36 760 18
652 148 766 132
652 156 766 142
652 164 766 150
652 172 766 158
652 180 764 166
652 188 766 174
652 196 766 182
652 204 766 190
652 52 762 34
652 60 762 42
652 68 766 50
652 76 768 56
652 20 762 4
652 92 768 72
652 396 738 400
652 100 766 82
652 108 762 94
652 116 764 98
652 124 764 106
164 140 202 132
164 148 202 144
164 156 200 156
164 164 200 162
164 172 200 172
164 188 200 184
164 196 202 192
164 204 202 200
164 212 200 208
164 220 200 216
164 228 200 226
164 236 200 232
164 244 200 242
164 260 200 258
164 268 200 266
164 68 204 62
164 276 200 274
164 284 202 282
164 292 202 292
164 300 202 298
164 76 202 70
164 308 202 308
164 316 202 316
164 324 202 324
164 332 206 334
164 84 202 78
164 356 206 354
164 364 206 362
164 92 202 86
164 372 210 376
164 388 210 392
164 100 202 94
164 404 210 408
164 412 210 416
164 420 210 424
164 428 210 432
164 108 202 102
164 116 202 110
660 132 776 114
660 140 774 124
660 36 774 16
660 148 774 132
660 156 774 142
660 172 774 158
660 44 776 26
660 180 774 166
660 188 774 174
660 196 774 182
660 52 776 32
660 68 776 46
660 76 776 56
660 84 776 64
660 420 744 424
660 108 770 94
660 28 776 8
660 116 774 98
660 124 774 106
668 132 784 116
668 140 782 124
668 36 782 16
668 148 782 132
668 156 782 140
668 172 784 156
668 44 784 24
668 180 784 164
668 52 784 34
668 60 784 40
668 268 758 270
668 68 784 48
668 76 784 56
668 20 778 6
668 348 754 352
668 364 754 368
668 92 784 74
668 100 782 86
668 412 758 416
668 420 756 424
668 108 780 94
668 116 780 98
668 124 784 106
676 140 792 124
676 36 792 14
676 148 792 132
676 156 792 140
676 164 794 146
676 172 792 156
676 44 792 24
676 52 792 32
676 60 792 40
676 244 762 248
676 68 792 48
676 332 762 336
676 84 790 66
676 92 792 74
676 388 762 392
676 108 788 94
676 28 794 6
676 116 784 98
684 132 800 116
684 140 800 124
684 36 800 14
684 148 800 132
684 156 800 140
684 44 800 24
684 52 800 32
684 60 800 40
684 68 800 48
684 76 798 58
684 308 770 312
684 84 798 66
684 92 800 74
684 100 798 86
684 428 770 432
684 108 796 94
684 28 802 6
684 124 798 106
172 132 208 130
172 148 210 146
172 156 208 158
172 164 214 160
172 172 214 168
172 180 206 178
172 188 210 182
172 196 208 192
172 204 208 200
172 212 208 208
172 228 210 226
172 236 210 234
172 244 208 242
172 252 208 248
172 260 208 258
172 268 208 266
172 68 210 62
172 276 210 274
172 284 210 282
172 292 210 290
172 300 210 298
172 76 210 70
172 308 210 308
172 316 210 316
172 20 258 24
172 324 210 324
172 332 210 332
172 84 210 78
172 340 214 340
172 348 214 348
172 92 210 86
172 372 218 374
172 380 216 380
172 396 218 400
172 404 220 410
172 412 218 416
172 420 218 424
172 428 218 432
172 108 210 102
172 116 210 110
172 124 206 122
692 36 808 14
692 44 808 24
692 196 782 200
692 204 782 208
692 52 808 32
692 212 780 216
692 220 782 224
692 60 808 40
692 68 808 48
692 76 810 56
692 324 780 328
692 84 812 66
692 92 810 74
692 396 782 400
692 404 780 408
692 28 808 6
700 140 814 126
700 36 818 14
700 44 818 24
700 220 788 224
700 60 818 38
700 68 818 48
700 76 818 56
700 308 788 314
700 84 818 66
700 348 790 352
700 92 816 74
700 380 788 384
700 396 790 400
700 100 814 84
44 132 80 126
44 140 80 136
44 148 80 144
44 156 80 154
44 164 80 164
44 172 82 170
44 180 82 178
44 236 82 230
44 252 82 242
44 260 86 258
44 268 88 266
44 276 90 276
44 292 92 290
44 300 90 302
44 324 92 318
44 332 92 326
44 84 82 78
44 340 92 336
44 348 90 350
44 356 86 356
44 364 86 364
44 92 82 86
44 380 84 382
44 388 84 390
44 396 84 398
44 100 80 94
44 404 84 406
44 428 82 430
44 108 80 102
44 116 80 112
708 36 826 14
708 44 826 24
708 228 794 232
708 60 826 38
708 68 826 48
708 76 826 56
708 308 794 312
708 84 824 64
708 364 796 368
708 92 826 74
708 372 794 376
708 100 822 82
708 420 790 424
708 428 794 432
716 132 842 124
716 140 842 132
716 36 834 14
716 148 838 138
716 44 834 24
716 204 806 208
716 52 834 32
716 236 804 240
716 60 834 40
716 68 836 48
716 76 836 56
716 84 832 64
716 92 834 74
716 396 804 400
716 100 834 82
716 28 836 6
716 116 846 106
716 124 838 114
180 132 218 126
180 140 216 140
180 148 218 146
180 156 218 156
180 164 220 160
180 172 218 168
180 188 218 182
180 196 218 194
180 204 218 200
180 212 218 210
180 220 214 216
180 228 218 226
180 236 218 236
180 244 216 242
180 252 218 250
180 260 218 258
180 268 218 266
180 68 220 62
180 276 218 274
180 284 218 282
180 292 218 290
180 300 218 298
180 76 218 72
180 308 222 306
180 316 222 316
180 324 218 324
180 332 218 332
180 84 216 80
180 340 218 340
180 380 226 382
180 388 226 390
180 396 224 396
180 100 218 94
180 412 226 416
180 420 226 424
180 428 226 432
180 108 218 102
180 116 218 110
180 124 218 118
724 140 848 132
724 36 842 14
724 148 846 138
724 44 842 24
724 52 842 32
724 60 844 40
724 68 844 48
724 76 844 56
724 324 814 328
724 84 842 66
724 348 812 352
724 356 816 360
724 92 842 74
724 388 810 392
724 28 842 6
724 124 850 116
732 140 856 132
732 156 854 146
732 44 852 24
732 60 854 38
732 252 822 256
732 68 850 50
732 284 822 288
732 292 818 296
732 76 850 58
732 316 820 320
732 324 820 328
732 348 820 352
732 364 824 368
732 372 824 376
732 396 820 400
732 428 822 430
732 28 848 6
732 116 862 106
740 132 864 122
740 36 860 14
740 164 862 154
740 44 860 24
740 52 860 32
740 60 860 40
740 244 826 250
740 68 858 50
740 292 830 296
740 324 828 328
740 364 832 368
740 420 826 424
740 28 860 6
740 116 868 106
748 36 868 14
748 156 874 148
748 44 868 24
748 196 836 200
748 52 868 32
748 236 836 240
748 244 834 248
748 276 834 280
748 292 838 296
748 300 834 304
748 316 836 320
748 388 838 392
748 404 832 410
748 420 834 424
748 28 870 6
748 116 876 106
748 124 876 114
188 132 226 130
188 140 226 136
188 148 226 146
188 156 228 152
188 164 226 162
188 172 226 168
188 180 226 176
188 188 226 184
188 196 226 192
188 204 226 200
188 212 226 210
188 220 226 218
188 228 226 226
188 236 226 234
188 244 224 242
188 252 224 250
188 260 224 258
188 268 226 266
188 68 228 62
188 276 226 274
188 284 226 282
188 292 228 292
188 300 226 300
188 76 226 70
188 308 228 308
188 316 226 316
188 324 226 324
188 332 226 332
188 84 226 80
188 340 224 342
188 388 234 390
188 396 234 398
188 100 226 94
188 404 234 406
188 412 234 414
188 420 234 422
188 428 234 432
188 108 226 102
188 28 274 32
188 116 226 110
188 124 226 118
756 132 882 122
756 140 882 130
756 148 884 140
756 156 886 148
756 164 884 158
756 172 884 166
756 292 842 296
756 300 844 304
756 316 844 320
756 356 842 360
756 404 842 408
756 124 886 114
764 164 894 158
764 172 892 166
764 284 854 288
764 292 852 296
764 300 852 304
764 308 850 312
764 316 850 320
764 372 850 376
764 380 850 384
764 396 850 400
764 404 854 410
764 412 848 416
764 124 894 114
12 132 50 126
12 140 50 134
12 148 50 142
12 156 48 154
12 164 46 162
12 172 48 170
12 180 48 180
12 188 52 186
12 196 54 192
12 204 54 200
12 212 50 210
12 236 54 232
12 276 60 278
12 284 60 286
12 292 58 288
12 300 58 298
12 308 60 304
12 316 56 316
12 324 52 322
12 332 52 334
12 84 52 78
12 340 52 342
12 348 50 350
12 356 50 358
12 364 50 366
12 92 52 86
12 372 52 372
12 380 50 380
12 396 50 396
12 100 52 94
12 404 50 404
12 412 50 410
12 420 50 420
12 428 50 430
12 108 50 104
12 124 50 118
772 140 902 130
772 148 898 140
772 164 900 158
772 172 902 166
772 180 900 174
772 300 860 304
772 308 860 312
772 324 862 328
772 356 860 360
772 364 860 368
772 372 858 376
772 396 862 400
772 412 858 418
772 124 902 114
780 140 910 130
780 148 908 142
780 164 906 158
780 172 910 166
780 300 868 304
780 356 866 360
780 364 868 368
780 388 868 392
780 412 870 418
780 428 864 432
780 124 910 114
196 132 234 130
196 140 234 138
196 148 234 146
196 156 234 154
196 172 234 166
196 180 234 176
196 12 284 16
196 196 234 190
196 204 234 200
196 212 234 208
196 220 234 218
196 228 234 226
196 236 234 234
196 244 232 242
196 252 232 250
196 4 282 10
196 260 232 258
196 268 232 266
196 276 234 274
196 284 236 282
196 292 236 292
196 300 234 300
196 76 236 70
196 308 236 308
196 316 234 316
196 324 236 324
196 332 238 330
196 84 236 78
196 340 240 342
196 348 242 350
196 356 242 358
196 92 234 86
196 388 242 390
196 396 242 398
196 100 234 94
196 412 242 414
196 420 244 422
196 428 244 430
196 108 234 102
196 116 234 110
196 124 234 118
788 132 920 124
788 140 914 130
788 148 914 140
788 164 914 158
788 300 876 304
788 308 876 312
788 316 878 320
788 340 880 344
788 364 876 368
788 372 874 376
788 380 876 384
788 420 874 424
788 428 874 432
788 124 918 114
796 140 922 130
796 148 924 140
796 164 928 156
796 44 886 48
796 188 930 184
796 60 890 64
796 308 886 312
796 316 886 320
796 332 880 336
796 356 886 362
796 364 886 370
796 372 884 376
796 124 926 114
804 132 934 122
804 148 930 140
804 164 936 156
804 188 932 182
804 348 896 352
804 372 894 376
812 132 942 122
812 148 936 140
812 164 946 158
812 60 902 64
812 284 902 288
812 396 898 400
812 428 902 432
204 132 242 128
204 140 242 138
204 148 242 146
204 156 242 152
204 164 244 160
204 172 242 168
204 180 242 176
204 188 242 184
204 12 292 16
204 196 244 192
204 52 292 56
204 212 244 210
204 220 242 216
204 228 242 226
204 236 242 234
204 60 290 64
204 244 242 242
204 252 242 250
204 4 294 10
204 260 242 258
204 268 242 266
204 276 242 274
204 284 244 282
204 292 244 292
204 300 242 300
204 76 246 70
204 308 242 308
204 316 242 316
204 324 242 324
204 332 246 330
204 84 244 78
204 340 248 340
204 348 250 350
204 356 250 358
204 364 250 366
204 92 244 86
204 388 250 390
204 396 250 398
204 100 244 94
204 404 250 408
204 412 252 416
204 428 252 430
204 108 244 102
204 116 242 110
204 124 242 118
820 132 950 122
820 196 948 190
820 228 906 232
820 68 908 70
820 284 908 288
820 76 908 80
820 316 908 320
820 20 912 22
820 332 906 336
820 380 906 384
820 396 912 400
820 420 908 424
828 36 918 38
828 164 960 158
828 172 958 166
828 44 918 48
828 196 962 192
828 228 916 232
828 252 916 256
828 68 916 70
828 332 914 336
828 84 916 88
828 92 918 96
828 396 920 402
828 420 914 424
52 132 88 130
52 140 88 136
52 148 88 146
52 156 88 154
52 164 88 162
52 172 90 168
52 180 90 176
52 188 86 186
52 196 86 194
52 204 86 202
52 212 86 210
52 220 88 218
52 228 88 226
52 236 88 232
52 268 96 262
52 68 88 64
52 276 98 274
52 284 100 280
52 316 98 310
52 332 100 334
52 84 90 78
52 340 98 342
52 356 94 356
52 364 94 366
52 92 90 86
52 372 94 374
52 380 92 382
52 388 92 390
52 100 88 96
52 404 94 406
52 412 92 416
52 116 88 110
52 124 88 122
836 132 966 122
836 36 924 38
836 196 970 192
836 324 922 328
836 356 926 360
836 364 926 370
844 148 982 140
844 156 982 148
844 172 982 166
844 180 982 176
844 196 976 190
844 220 932 224
844 228 934 232
844 244 938 248
844 260 932 264
844 340 934 344
844 396 930 400
844 100 934 102
212 132 250 126
212 140 252 134
212 148 252 144
212 156 250 152
212 164 252 160
212 172 250 168
212 44 300 48
212 180 252 176
212 188 252 184
212 12 302 18
212 196 252 192
212 204 252 202
212 52 300 56
212 212 252 210
212 220 250 218
212 228 250 226
212 236 250 234
212 244 250 242
212 252 250 250
212 4 300 10
212 260 250 258
212 268 250 266
212 68 300 72
212 276 252 274
212 300 252 300
212 308 250 308
212 84 250 76
212 348 258 348
212 356 258 358
212 364 258 366
212 92 250 84
212 372 258 374
212 380 258 382
212 388 258 390
212 396 258 398
212 100 252 94
212 404 260 408
212 412 260 416
212 428 258 434
212 108 252 104
212 124 250 118
852 36 946 38
852 148 990 140
852 156 988 148
852 172 986 166
852 44 938 48
852 180 984 174
852 188 986 186
852 204 986 200
852 284 938 288
852 292 938 296
852 76 938 78
852 20 946 22
852 332 938 336
852 340 942 344
852 396 938 400
860 148 998 140
860 164 994 162
860 44 950 46
860 188 994 184
860 204 994 200
860 244 948 248
860 260 950 264
860 68 948 70
860 76 948 78
860 308 950 312
860 340 950 344
860 372 952 376
860 380 950 386
860 428 946 432
868 148 1006 140
868 180 1006 176
868 188 1002 184
868 196 1002 194
868 204 1002 200
868 244 960 246
868 260 958 264
868 268 958 272
868 68 958 70
868 76 954 78
868 84 956 88
868 356 954 360
868 420 956 424
876 140 1014 132
876 36 962 40
876 148 1012 140
876 156 1012 150
876 196 1008 192
876 204 1008 200
876 252 966 256
876 68 962 72
876 292 966 296
876 76 966 80
876 84 966 88
876 356 962 360
876 388 962 394
876 412 962 416
876 28 962 32
220 132 258 126
220 140 260 138
220 148 260 144
220 156 260 152
220 164 260 160
220 172 260 168
220 180 260 176
220 188 260 184
220 12 306 16
220 196 260 192
220 204 260 202
220 52 306 56
220 212 260 208
220 220 258 218
220 228 260 226
220 236 258 234
220 244 258 242
220 252 258 250
220 260 260 258
220 68 306 72
220 356 266 356
220 364 266 366
220 92 258 84
220 372 266 374
220 380 266 382
220 388 266 390
220 396 266 398
220 100 258 92
220 404 266 406
220 412 270 416
220 428 266 432
220 108 258 102
220 28 308 32
220 124 258 118
884 148 1022 140
884 156 1018 150
884 164 1022 156
884 180 1016 178
884 60 974 62
884 260 976 264
884 68 972 72
884 292 974 296
884 404 976 410
884 412 978 416
884 28 974 30
892 204 1022 200
892 252 982 254
892 260 986 264
892 68 982 66
892 308 980 312
892 20 984 22
892 340 978 344
892 100 980 104
900 60 990 62
900 252 990 256
900 268 986 272
900 284 990 290
900 300 992 304
900 308 994 312
900 340 984 344
900 396 992 400
900 100 986 102
908 252 1000 256
908 268 998 272
908 300 1000 304
228 132 266 128
228 140 268 138
228 148 268 144
228 164 266 160
228 172 268 168
228 180 268 176
228 188 266 186
228 196 266 192
228 204 270 202
228 52 314 56
228 60 316 64
228 252 268 252
228 20 316 24
228 364 274 366
228 372 276 374
228 380 274 382
228 388 274 390
228 396 274 398
228 100 268 94
228 404 274 406
228 412 274 414
228 420 274 422
228 428 276 430
228 108 266 100
228 28 316 32
228 116 268 112
228 124 268 120
916 276 1004 280
916 412 1006 416
924 292 1016 296
924 308 1012 312
924 380 1010 384
932 260 1016 264
932 300 1018 304
932 388 1022 392
236 140 276 136
236 148 276 146
236 164 276 158
236 172 276 168
236 44 324 48
236 180 278 176
236 196 278 196
236 204 280 202
236 52 324 56
236 212 280 208
236 220 278 214
236 228 278 222
236 60 322 64
236 244 282 242
236 20 324 24
236 340 318 344
236 372 284 374
236 380 284 382
236 388 282 390
236 396 282 398
236 404 282 406
236 412 282 414
236 420 282 422
236 428 282 430
236 28 322 32
236 124 278 122
60 132 96 130
60 140 96 142
60 148 96 148
60 156 96 156
60 164 96 164
60 180 96 176
60 196 98 190
60 204 98 200
60 212 98 208
60 228 96 224
60 236 96 234
60 244 98 242
60 268 106 262
60 68 100 62
60 276 106 270
60 284 106 280
60 292 106 288
60 76 98 70
60 324 108 326
60 332 106 334
60 84 98 78
60 340 106 338
60 348 106 346
60 356 102 358
60 364 100 364
60 92 98 86
60 372 102 372
60 380 102 382
60 388 102 390
60 396 102 398
60 100 96 96
60 404 102 408
60 412 102 416
60 420 102 424
60 428 102 432
244 132 284 126
244 140 286 136
244 148 286 146
244 164 284 158
244 172 284 168
244 44 330 48
244 180 286 178
244 188 286 190
244 52 332 56
244 60 330 64
244 292 332 296
244 20 332 26
244 348 330 352
244 356 332 360
244 388 292 390
244 396 292 398
244 404 292 406
244 412 290 414
244 420 290 422
244 428 290 430
244 28 332 34
252 44 336 48
252 52 340 56
252 60 338 64
252 4 342 8
252 260 338 264
252 76 338 80
252 20 340 24
252 348 342 352
252 356 340 360
252 372 334 376
252 428 298 430
4 180 42 184
4 204 44 202
4 220 42 220
4 260 50 264
4 284 52 286
4 292 52 294
4 300 52 298
4 308 54 304
4 316 54 316
4 332 44 334
4 340 44 340
4 356 42 358
4 364 42 364
4 380 46 380
4 396 42 398
4 100 44 94
4 404 42 404
4 412 42 412
4 420 42 418
4 428 42 428
4 108 46 102
4 116 46 108
4 124 42 118
260 36 344 42
260 44 344 48
260 196 344 198
260 204 346 208
260 52 348 56
260 20 346 24
260 340 342 342
260 356 350 360
260 388 350 392
260 108 348 112
268 44 354 48
268 180 356 184
268 188 356 192
268 204 358 208
268 52 358 56
268 212 358 216
268 60 356 64
268 372 356 376
268 388 354 392
268 100 356 104
268 404 358 408
268 116 354 120
68 148 104 146
68 156 104 156
68 172 102 174
68 196 106 198
68 204 106 204
68 212 106 208
68 220 110 218
68 60 108 54
68 268 114 266
68 68 108 62
68 276 116 274
68 284 114 282
68 292 114 290
68 300 112 302
68 76 106 70
68 308 116 306
68 316 116 314
68 324 118 322
68 332 114 334
68 84 106 78
68 340 114 340
68 348 114 348
68 356 110 356
68 364 110 364
68 92 104 88
68 372 110 372
68 380 110 382
68 388 110 390
68 396 110 398
68 100 104 96
68 404 110 408
68 412 110 416
68 420 110 424
68 428 110 432
68 116 102 114
276 36 364 40
276 180 362 184
276 188 362 192
276 196 366 200
276 204 366 208
276 52 362 56
276 212 366 216
276 236 362 240
276 68 364 72
276 292 364 296
276 76 364 80
276 20 364 24
276 332 362 336
276 356 364 358
276 364 362 366
276 412 364 416
276 420 364 424
276 428 362 434
276 28 364 32
284 36 372 40
284 172 366 176
284 180 370 184
284 188 372 192
284 196 370 200
284 204 374 208
284 212 370 216
284 228 374 232
284 236 370 240
284 300 372 304
284 332 374 336
284 364 372 368
284 372 372 376
284 404 372 408
284 412 374 416
292 132 378 136
292 44 378 48
292 180 378 184
292 188 378 192
292 196 380 200
292 204 378 208
292 52 380 56
292 212 378 216
292 220 380 224
292 244 382 248
292 252 380 256
292 276 380 280
292 332 380 336
292 372 382 376
292 404 378 408
300 196 388 200
300 204 386 208
300 212 384 216
300 228 390 234
300 236 388 242
300 244 390 248
300 252 388 256
300 260 388 264
300 276 386 280
300 356 390 360
300 412 390 416
300 420 386 424
300 116 388 120
76 140 110 138
76 148 112 146
76 156 114 154
76 164 116 160
76 188 112 190
76 196 116 198
76 204 116 204
76 212 116 210
76 220 116 218
76 228 116 226
76 236 118 238
76 60 118 54
76 244 118 244
76 268 120 266
76 68 116 62
76 276 124 274
76 284 124 282
76 292 122 290
76 300 122 298
76 76 116 70
76 308 122 306
76 316 124 314
76 324 122 320
76 332 120 332
76 84 114 78
76 340 122 342
76 348 122 348
76 356 118 356
76 364 118 364
76 92 112 88
76 372 118 374
76 380 118 382
76 388 118 390
76 396 118 400
76 100 112 96
76 404 118 408
76 412 118 416
76 420 118 424
76 428 118 432
76 108 112 104
76 116 110 114
76 124 110 122
308 204 394 208
308 52 394 56
308 212 394 216
308 236 394 242
308 244 396 248
308 316 396 320
308 332 396 336
308 356 398 358
308 372 394 376
308 380 396 384
308 388 394 392
308 100 394 104
308 412 398 416
308 420 396 424
308 116 394 120
316 132 400 138
316 204 406 208
316 212 404 216
316 220 402 224
316 228 404 234
316 244 406 248
316 252 406 256
316 260 404 264
316 276 404 280
316 300 402 304
316 308 402 312
316 84 402 88
316 356 402 360
316 388 402 392
316 396 402 400
316 100 404 104
316 404 404 408
316 412 404 416
316 420 404 424
316 116 402 120
20 132 56 130
20 140 56 138
20 180 58 178
20 188 58 184
20 204 60 200
20 212 62 210
20 220 62 218
20 244 60 240
20 300 66 298
20 76 62 70
20 308 66 304
20 324 60 322
20 332 60 334
20 84 60 78
20 340 60 342
20 348 60 350
20 356 62 356
20 364 58 364
20 92 58 86
20 372 58 372
20 380 60 382
20 388 60 392
20 100 58 96
20 404 58 402
20 412 58 414
20 420 58 422
20 428 58 430
20 116 58 108
20 124 58 116
324 252 414 256
324 260 414 264
324 276 412 280
324 284 410 288
324 308 412 312
324 348 416 352
324 380 412 384
324 388 410 392
324 396 412 400
324 404 412 408
324 412 412 416
324 420 412 424
324 108 412 112
332 132 416 140
332 204 422 208
332 220 422 224
332 68 418 72
332 340 418 344
332 356 422 360
332 92 418 96
332 372 418 376
332 388 420 392
332 396 420 400
332 404 422 408
332 412 422 416
332 108 418 112
84 132 118 126
84 140 118 134
84 148 120 148
84 156 120 156
84 164 122 160
84 196 122 196
84 204 122 204
84 212 124 210
84 228 124 226
84 60 124 54
84 244 124 242
84 260 128 258
84 268 126 262
84 68 126 62
84 276 130 274
84 284 132 280
84 292 132 290
84 300 128 298
84 76 122 70
84 308 130 306
84 324 130 318
84 84 120 80
84 340 130 342
84 356 126 356
84 364 126 366
84 92 120 88
84 372 126 374
84 380 126 382
84 388 126 392
84 396 126 400
84 404 126 408
84 412 126 416
84 420 126 426
84 428 128 430
84 108 120 104
84 124 118 118
340 196 426 200
340 212 430 216
340 244 428 248
340 252 428 256
340 268 428 272
340 68 430 72
340 300 428 304
340 332 428 336
340 356 430 360
340 388 426 392
340 396 432 400
340 412 442 408
340 420 442 416
348 172 438 176
348 196 432 200
348 212 436 216
348 228 438 232
348 252 436 256
348 260 434 264
348 268 438 272
348 356 434 360
348 404 450 400
348 412 450 408
348 428 448 424
356 196 442 200
356 228 444 232
356 244 446 248
356 268 446 272
356 300 444 304
356 356 444 360
356 364 440 368
356 396 460 390
356 420 458 414
356 428 458 424
364 196 454 200
364 204 454 208
364 220 450 224
364 356 450 360
364 388 464 386
364 412 466 406
364 420 468 414
364 428 466 424
92 148 128 148
92 156 130 154
92 188 128 186
92 196 130 194
92 204 130 204
92 212 130 212
92 60 132 54
92 252 134 250
92 260 136 258
92 268 138 266
92 68 132 62
92 276 138 278
92 284 138 282
92 76 130 70
92 308 138 308
92 332 134 332
92 84 128 80
92 356 134 356
92 364 134 366
92 92 128 88
92 372 134 374
92 380 134 382
92 388 136 390
92 396 134 402
92 404 136 406
92 412 134 418
92 420 136 422
92 428 134 432
92 116 126 112
372 140 458 144
372 252 460 256
372 260 460 264
372 84 458 88
372 380 470 380
372 396 476 390
372 404 474 398
372 420 476 414
372 428 474 422
372 124 462 128
380 196 466 200
380 212 470 216
380 260 468 264
380 76 466 80
380 308 468 312
380 372 484 364
380 380 486 370
380 388 484 382
380 396 486 390
380 404 486 398
380 412 486 406
380 420 484 414
380 428 482 422
388 196 474 200
388 220 478 224
388 228 474 232
388 236 476 240
388 244 474 248
388 260 474 264
388 300 474 304
388 76 474 80
388 332 476 336
388 356 492 348
388 364 492 356
388 372 492 364
388 380 492 374
388 388 492 382
388 396 490 388
388 404 492 398
388 412 492 406
388 420 492 414
388 428 494 424
396 212 482 216
396 220 484 224
396 228 484 232
396 236 482 240
396 244 482 248
396 284 484 288
396 300 482 304
396 316 484 320
396 348 500 340
396 356 500 348
396 364 502 356
396 372 502 364
396 380 498 374
396 388 496 382
396 396 498 388
396 404 498 398
396 412 498 406
396 420 498 414
396 428 500 422
100 172 138 166
100 188 138 182
100 196 140 196
100 204 138 204
100 212 138 212
100 220 138 222
100 228 138 230
100 60 140 54
100 244 142 238
100 252 142 250
100 260 146 262
100 268 146 270
100 68 138 62
100 276 146 278
100 300 142 300
100 76 136 70
100 332 142 332
100 84 136 80
100 340 142 342
100 348 140 348
100 356 142 358
100 364 142 366
100 92 136 88
100 372 144 374
100 380 144 382
100 388 144 390
100 396 144 398
100 404 142 408
100 412 144 416
100 420 144 424
100 428 144 432
100 116 132 114
404 220 492 224
404 228 492 232
404 260 490 264
404 308 492 312
404 316 492 320
404 324 490 328
404 340 508 332
404 348 508 340
404 356 510 348
404 364 508 356
404 372 504 366
404 380 504 374
404 388 506 382
404 396 506 388
404 412 506 406
404 420 508 414
412 132 498 136
412 220 500 224
412 228 500 232
412 244 496 248
412 260 500 264
412 268 502 272
412 292 502 296
412 308 500 312
412 316 500 320
412 332 516 324
412 340 516 332
412 348 514 342
412 356 518 348
412 364 516 356
412 372 516 364
412 380 512 374
412 388 514 382
412 396 516 388
412 404 516 398
412 412 516 408
412 420 516 416
420 196 506 200
420 212 506 216
420 220 508 224
420 236 508 240
420 300 510 304
420 308 506 312
420 316 508 320
420 332 526 322
420 340 524 332
420 348 524 340
420 356 524 348
420 364 524 356
420 372 520 366
420 388 524 382
420 396 524 388
420 404 524 398
420 412 524 408
420 428 526 420
428 196 518 200
428 204 516 208
428 212 516 216
428 220 514 224
428 236 516 240
428 244 516 248
428 300 520 304
428 332 534 322
428 340 530 334
428 348 532 340
428 356 532 346
428 364 532 356
428 372 530 364
428 396 530 394
428 420 532 414
428 428 536 420
428 116 514 120
108 164 144 166
108 172 146 174
108 180 146 180
108 188 146 188
108 196 146 194
108 204 146 204
108 212 146 210
108 220 148 222
108 236 152 234
108 60 146 56
108 244 152 244
108 252 154 252
108 260 154 260
108 268 154 270
108 276 156 274
108 292 148 294
108 300 148 298
108 324 150 324
108 332 148 332
108 84 142 78
108 340 148 342
108 348 148 348
108 356 154 356
108 364 152 364
108 372 152 374
108 380 152 384
108 388 152 392
108 100 146 100
108 404 152 406
108 412 154 414
108 420 152 424
108 428 152 432
436 220 522 224
436 236 522 240
436 268 522 272
436 316 544 304
436 332 540 324
436 340 540 332
436 348 540 340
436 364 540 356
436 372 540 364
436 380 544 372
436 388 542 380
436 396 538 390
436 404 542 398
436 420 542 414
436 28 522 32
444 140 530 144
444 196 530 200
444 236 532 240
444 308 546 302
444 324 546 316
444 340 550 330
444 348 550 340
444 356 548 348
444 364 548 356
444 372 550 364
444 388 550 380
444 396 550 388
444 412 550 406
444 420 550 416
28 132 64 130
28 140 64 136
28 148 64 146
28 156 66 152
28 164 66 160
28 188 66 184
28 196 66 194
28 268 74 270
28 276 74 276
28 300 76 300
28 76 66 72
28 308 74 306
28 316 76 314
28 84 66 80
28 340 68 340
28 348 68 348
28 356 70 356
28 364 70 364
28 372 68 374
28 380 68 382
28 388 68 392
28 100 66 94
28 404 68 408
28 412 68 416
28 428 68 432
28 108 66 102
28 116 64 110
28 124 64 120
452 132 536 136
452 220 540 224
452 236 540 240
452 244 540 248
452 252 538 256
452 300 554 294
452 316 558 306
452 324 556 314
452 332 558 322
452 356 556 348
452 364 558 358
452 92 538 96
452 372 558 364
452 380 558 374
452 388 558 380
452 396 558 390
452 100 536 104
452 404 558 398
452 412 558 408
452 108 538 112
460 236 550 240
460 244 546 248
460 308 564 298
460 316 566 308
460 324 566 314
460 332 564 324
460 340 566 330
460 356 566 348
460 364 566 356
460 372 566 366
460 380 566 374
460 388 564 382
460 396 566 390
460 404 566 398
460 412 566 406
460 108 546 112
116 180 152 176
116 196 154 198
116 204 154 204
116 212 154 210
116 220 158 220
116 60 158 52
116 244 160 242
116 252 162 250
116 260 162 260
116 268 164 268
116 68 154 62
116 292 154 292
116 300 154 298
116 76 150 74
116 308 154 306
116 324 156 324
116 332 156 332
116 84 152 80
116 340 158 342
116 356 160 356
116 364 160 366
116 92 152 92
116 372 160 374
116 380 160 382
116 388 160 390
116 396 160 398
116 404 160 406
116 412 160 416
116 420 160 424
116 428 160 432
116 116 150 118
468 212 554 216
468 236 554 240
468 276 572 268
468 284 572 276
468 292 574 282
468 300 574 290
468 308 572 298
468 316 572 308
468 324 574 314
468 332 572 324
468 340 574 330
468 348 576 340
468 356 576 348
468 364 574 358
468 372 574 366
468 380 572 374
468 388 572 382
468 396 578 388
468 404 574 398
468 108 558 110
476 212 564 216
476 268 580 260
476 276 580 268
476 284 582 274
476 292 582 282
476 300 582 290
476 308 582 298
476 316 580 308
476 324 580 316
476 340 582 332
476 364 582 356
476 372 580 364
476 380 584 374
476 388 582 382
476 404 582 398
484 212 572 218
484 244 592 230
484 260 592 246
484 268 592 254
484 276 590 264
484 284 592 272
484 292 590 280
484 300 590 290
484 308 590 298
484 316 590 306
484 332 590 324
484 340 590 332
484 348 592 340
484 356 592 348
484 364 590 356
484 372 588 364
484 388 592 382
484 100 570 104
484 420 578 426
492 228 600 214
492 244 598 234
492 268 598 256
492 276 598 266
492 284 600 272
492 292 598 280
492 300 598 290
492 316 596 306
492 324 598 316
492 332 600 324
492 340 600 332
492 356 600 348
492 364 600 356
492 372 602 364
492 380 598 374
124 148 158 142
124 164 160 158
124 172 158 168
124 204 162 202
124 212 162 212
124 220 162 222
124 228 166 230
124 236 168 236
124 60 162 54
124 252 168 246
124 260 170 260
124 268 172 268
124 68 160 62
124 76 160 72
124 308 164 310
124 316 162 316
124 324 166 326
124 340 164 340
124 348 168 348
124 356 168 356
124 364 168 366
124 92 160 90
124 372 168 372
124 380 168 382
124 388 168 388
124 396 168 398
124 404 168 408
124 412 168 416
124 420 168 424
124 428 168 432
124 108 160 106
500 140 586 144
500 212 608 198
500 220 608 206
500 228 608 214
500 236 608 222
500 244 606 232
500 252 604 240
500 260 608 248
500 276 608 264
500 284 608 272
500 292 606 282
500 308 608 298
500 316 606 306
500 324 606 316
500 332 610 324
500 340 608 332
500 348 606 342
500 356 608 348
500 364 610 356
508 196 616 182
508 204 616 190
508 212 616 198
508 228 618 214
508 236 614 224
508 244 614 232
508 252 614 240
508 260 616 248
508 268 614 258
508 284 616 272
508 292 616 282
508 300 616 290
508 308 616 298
508 316 616 306
508 324 616 316
508 332 618 322
508 340 616 332
508 348 618 340
508 356 616 348
508 364 618 356
