516 132 516 130
516 140 516 138
516 228 520 226
516 236 522 234
516 244 520 242
516 252 520 250
516 260 520 258
516 268 520 266
516 284 518 284
516 308 522 310
516 316 520 314
516 324 518 322
516 332 518 330
516 340 518 338
516 348 516 346
516 428 518 430
516 116 516 114
516 124 516 122
524 132 524 130
524 140 524 138
524 148 524 146
524 228 528 226
524 236 528 234
524 244 528 242
524 252 528 250
524 260 528 258
524 268 528 266
524 276 526 278
524 284 526 284
524 292 528 292
524 308 528 308
524 316 528 314
524 324 528 322
524 332 526 332
524 340 526 340
524 348 526 350
524 100 524 98
524 420 526 422
524 428 524 428
132 132 132 134
132 140 130 142
132 36 130 36
132 148 130 150
132 156 130 158
132 164 130 166
132 44 128 44
132 180 130 182
132 188 130 190
132 12 130 12
132 196 130 198
132 204 130 206
132 52 130 52
132 212 130 214
132 220 130 224
132 236 130 240
132 60 130 60
132 244 132 248
132 4 130 4
132 260 132 262
132 268 130 270
132 68 130 70
132 276 130 282
132 284 130 288
132 292 130 296
132 300 130 304
132 76 130 76
132 308 130 312
132 316 130 320
132 20 130 20
132 324 130 328
132 332 130 336
132 84 130 84
132 340 130 344
132 348 130 352
132 356 130 360
132 364 130 368
132 92 130 92
132 372 130 376
132 380 130 384
132 388 130 392
132 396 130 400
132 100 130 100
132 404 130 408
132 412 130 416
132 420 130 424
132 428 130 434
132 108 130 110
132 28 128 28
132 116 130 118
132 124 130 126
532 132 532 130
532 140 532 138
532 148 532 146
532 220 536 218
532 228 536 226
532 236 536 234
532 244 536 242
532 252 536 248
532 260 536 258
532 268 536 266
532 276 536 274
532 284 536 284
532 292 536 292
532 300 536 300
532 76 532 74
532 308 536 308
532 316 536 316
532 324 536 324
532 332 534 332
532 84 532 82
532 340 534 340
532 348 532 350
532 396 532 396
532 100 532 98
532 404 532 404
532 420 532 422
532 428 532 430
532 28 532 26
540 36 540 34
540 156 542 156
540 204 544 202
540 212 544 210
540 220 544 218
540 228 544 226
540 236 544 234
540 244 544 242
540 252 544 250
540 4 540 2
540 260 544 258
540 268 544 266
540 276 546 272
540 284 544 282
540 300 544 300
540 308 544 308
540 316 544 316
540 324 544 324
540 332 542 332
540 84 540 82
540 340 542 342
540 396 542 396
540 404 540 406
540 412 540 412
540 420 540 422
540 428 540 430
540 28 540 26
548 156 548 154
548 164 548 162
548 12 548 10
548 204 552 202
548 212 552 210
548 220 552 218
548 228 552 226
548 236 552 234
548 244 552 242
548 252 554 248
548 4 548 2
548 260 552 258
548 268 554 264
548 68 548 66
548 276 554 274
548 284 554 282
548 300 552 302
548 76 548 74
548 308 552 310
548 316 554 316
548 396 550 396
548 404 550 404
548 412 548 412
548 420 548 420
548 428 548 430
556 164 556 162
556 12 556 10
556 204 560 202
556 212 560 210
556 220 560 218
556 228 560 226
556 236 560 234
556 244 562 240
556 252 562 250
556 4 556 2
556 260 562 256
556 268 562 264
556 68 556 66
556 276 560 272
556 76 554 76
556 308 560 310
556 316 560 318
556 324 560 326
556 380 556 380
556 396 556 398
556 404 556 406
556 412 556 412
556 420 558 422
556 428 558 430
140 132 138 134
140 140 138 142
140 36 138 36
140 148 138 150
140 156 138 158
140 164 138 166
140 172 138 174
140 44 138 44
140 180 138 182
140 188 142 188
140 12 138 12
140 196 138 198
140 204 138 206
140 52 138 52
140 212 138 214
140 220 138 222
140 228 138 232
140 60 138 60
140 252 138 256
140 260 138 264
140 268 138 272
140 68 138 70
140 284 140 286
140 292 138 294
140 300 138 302
140 76 138 76
140 308 142 310
140 316 138 320
140 20 138 20
140 324 138 328
140 332 138 336
140 84 136 86
140 340 138 344
140 348 138 352
140 356 138 360
140 364 138 368
140 92 138 94
140 372 138 376
140 380 138 384
140 388 138 394
140 396 140 400
140 100 138 102
140 404 138 410
140 412 138 418
140 420 138 426
140 428 138 434
140 108 138 110
140 28 138 28
140 116 138 118
140 124 138 126
564 164 564 162
564 172 566 172
564 12 564 10
564 204 570 202
564 212 570 212
564 220 568 220
564 228 568 226
564 244 568 240
564 252 568 248
564 260 570 256
564 268 568 264
564 300 572 304
564 308 568 312
564 316 568 320
564 380 564 382
564 388 564 390
564 396 566 398
564 404 564 404
564 412 566 414
564 420 566 422
564 428 566 430
564 108 564 106
564 116 564 114
572 44 572 42
572 180 572 178
572 196 570 194
572 204 578 204
572 212 578 210
572 220 578 218
572 228 576 228
572 236 576 232
572 244 578 240
572 252 578 250
572 4 572 4
572 260 578 256
572 268 576 264
572 284 578 278
572 300 578 298
572 316 576 322
572 372 574 372
572 380 572 380
572 388 574 388
572 396 574 398
572 100 572 98
572 404 578 406
572 412 578 414
572 420 574 422
572 428 572 430
572 108 572 106
572 116 570 116
36 132 32 134
36 140 32 142
36 36 32 36
36 148 32 150
36 156 32 158
36 164 34 166
36 172 32 176
36 44 32 44
36 180 32 184
36 188 32 192
36 12 32 12
36 196 32 200
36 204 32 208
36 52 32 54
36 212 32 216
36 220 32 224
36 236 32 238
36 60 32 62
36 244 32 248
36 4 32 4
36 260 34 262
36 268 32 272
36 68 32 70
36 276 32 280
36 284 32 288
36 292 32 296
36 300 32 306
36 76 32 78
36 308 32 312
36 316 32 320
36 20 34 22
36 324 34 328
36 332 32 336
36 84 32 86
36 340 32 344
36 348 32 352
36 356 32 360
36 364 32 370
36 92 32 94
36 372 32 378
36 380 32 388
36 388 32 394
36 396 32 402
36 100 32 102
36 404 32 410
36 412 32 418
36 420 32 430
36 428 32 434
36 108 32 110
36 28 32 30
36 116 34 120
580 36 580 34
580 172 580 170
580 188 580 186
580 12 580 10
580 196 588 196
580 204 588 204
580 52 580 50
580 212 586 214
580 220 586 220
580 228 586 224
580 236 586 232
580 244 586 240
580 252 584 248
580 4 580 2
580 260 586 256
580 268 586 264
580 276 586 272
580 284 586 280
580 292 584 290
580 76 580 74
580 308 584 304
580 84 580 82
580 364 582 364
580 92 580 90
580 372 582 372
580 380 586 382
580 388 586 390
580 420 582 422
580 428 582 430
588 140 588 138
588 148 588 146
588 156 588 154
588 164 588 162
588 12 588 10
588 196 594 198
588 204 596 204
588 52 588 50
588 212 594 214
588 220 592 222
588 236 594 232
588 244 594 240
588 252 594 248
588 260 594 258
588 268 594 264
588 276 594 272
588 284 594 280
588 292 594 288
588 300 590 298
588 308 594 306
588 364 588 364
588 372 590 372
588 404 594 406
588 412 590 414
588 420 588 422
588 428 590 428
588 28 588 24
588 124 586 124
148 132 146 134
148 140 146 142
148 36 146 36
148 148 146 150
148 156 146 158
148 164 146 166
148 172 146 174
148 44 146 44
148 180 146 182
148 188 146 190
148 12 146 12
148 196 146 198
148 204 146 206
148 52 146 52
148 212 146 214
148 220 146 222
148 228 146 230
148 236 146 238
148 60 146 60
148 244 146 248
148 252 146 256
148 4 148 4
148 260 146 264
148 268 146 272
148 68 146 70
148 276 146 280
148 284 146 288
148 292 146 296
148 300 146 304
148 76 146 76
148 308 146 312
148 316 146 320
148 20 146 20
148 324 146 328
148 332 144 336
148 84 146 86
148 340 146 344
148 348 146 352
148 356 146 360
148 364 146 368
148 92 146 94
148 372 146 376
148 380 146 384
148 388 146 392
148 396 146 402
148 100 146 102
148 404 146 408
148 412 146 416
148 420 146 424
148 428 146 432
148 108 146 108
148 28 146 28
148 116 146 118
148 124 146 126
596 36 596 36
596 156 596 154
596 164 596 162
596 44 596 42
596 188 604 190
596 12 596 10
596 196 604 198
596 204 604 206
596 212 602 210
596 220 602 222
596 244 602 240
596 260 602 254
596 268 602 264
596 276 602 272
596 284 602 280
596 292 602 288
596 300 602 296
596 308 600 304
596 372 596 372
596 380 596 380
596 388 594 388
596 396 594 396
596 412 598 414
596 420 596 422
604 36 604 34
604 172 602 172
604 188 610 192
604 12 604 10
604 204 610 210
604 212 610 218
604 244 610 240
604 252 608 248
604 4 604 2
604 260 610 258
604 268 610 264
604 276 610 272
604 292 608 288
604 300 610 296
604 308 610 304
604 20 604 18
604 372 604 372
604 380 604 380
604 388 604 388
604 396 606 398
604 404 606 406
604 412 604 414
604 420 606 420
604 28 604 26
612 12 612 10
612 4 612 2
612 260 616 254
612 268 616 266
612 276 618 274
612 292 616 290
612 308 616 304
612 316 616 312
612 20 612 18
612 356 610 356
612 396 614 398
612 404 612 406
612 412 612 414
612 420 612 420
612 28 612 26
620 180 628 190
620 188 628 194
620 12 620 10
620 212 622 222
620 4 620 2
620 260 626 256
620 268 626 264
620 276 624 272
620 292 624 286
620 300 622 296
620 316 626 314
620 20 620 18
620 356 618 356
156 132 154 134
156 140 154 142
156 36 154 36
156 148 154 150
156 156 154 158
156 164 154 166
156 172 154 174
156 44 154 44
156 180 154 182
156 188 154 190
156 12 154 12
156 196 154 198
156 204 154 206
156 52 154 54
156 212 154 214
156 220 154 222
156 228 154 230
156 236 154 238
156 60 154 60
156 244 154 248
156 4 156 4
156 260 154 264
156 268 154 272
156 68 154 68
156 276 154 280
156 292 156 296
156 300 154 304
156 76 154 76
156 308 154 312
156 316 154 320
156 20 154 20
156 324 154 328
156 332 154 336
156 84 154 86
156 340 154 344
156 348 154 352
156 356 154 360
156 364 154 368
156 92 154 94
156 372 154 376
156 380 154 384
156 388 154 394
156 396 154 400
156 100 154 102
156 404 154 408
156 412 154 416
156 420 154 426
156 428 154 432
156 108 154 108
156 28 154 28
156 116 154 118
156 124 154 126
628 180 636 188
628 188 636 194
628 268 634 264
628 276 634 274
628 284 632 280
628 292 632 288
628 300 634 298
628 316 632 312
628 324 634 322
628 332 634 330
628 28 628 24
636 180 644 192
636 188 644 200
636 12 636 10
636 204 640 210
636 236 642 248
636 244 638 250
636 4 636 2
636 316 642 312
636 20 636 18
636 324 640 320
636 332 640 328
636 340 640 336
644 140 646 138
644 180 652 190
644 12 644 10
644 196 652 206
644 228 648 234
644 236 646 242
644 292 646 284
644 300 646 288
644 308 646 302
644 20 644 18
644 388 642 386
652 132 650 130
652 140 652 136
652 188 658 202
652 236 656 242
652 300 650 290
652 308 648 296
652 316 654 306
164 132 162 134
164 140 162 142
164 36 162 36
164 148 162 150
164 156 162 158
164 164 162 166
164 172 162 174
164 44 160 44
164 180 162 182
164 188 162 190
164 12 162 12
164 196 162 198
164 204 162 206
164 52 162 52
164 212 162 214
164 220 162 222
164 228 162 230
164 236 162 238
164 60 162 60
164 244 162 248
164 4 164 4
164 260 164 266
164 68 162 68
164 276 162 278
164 284 162 288
164 292 162 296
164 300 162 304
164 76 162 76
164 308 162 312
164 316 162 320
164 20 162 20
164 324 162 328
164 332 162 336
164 84 162 84
164 340 162 344
164 348 164 354
164 356 162 360
164 92 162 92
164 380 160 386
164 388 162 392
164 396 162 400
164 100 162 102
164 404 162 408
164 412 162 416
164 420 162 424
164 428 162 432
164 108 162 110
164 28 162 28
164 116 162 118
164 124 162 126
660 36 654 28
660 172 656 168
660 180 668 192
660 188 666 200
660 196 662 210
660 228 666 242
660 236 666 248
660 252 666 262
660 292 658 282
660 316 656 302
660 364 660 364
668 188 676 202
668 196 674 208
668 212 674 224
668 236 672 246
668 244 672 254
668 252 670 266
668 76 658 70
668 364 666 364
676 132 670 126
676 44 660 34
676 180 686 196
676 188 684 202
676 204 680 214
676 52 662 42
676 228 682 240
676 60 670 50
676 252 674 262
676 68 664 60
676 76 668 68
676 84 668 76
676 372 674 370
676 116 670 106
676 124 668 116
684 132 676 124
684 172 692 188
684 180 694 196
684 188 692 202
684 196 692 210
684 204 692 216
684 228 690 240
684 324 678 310
684 340 676 328
684 396 666 388
684 412 670 402
684 124 676 114
172 132 170 134
172 140 170 142
172 36 170 36
172 148 170 150
172 156 170 158
172 164 170 166
172 172 170 174
172 44 170 44
172 180 170 182
172 188 170 190
172 12 170 12
172 196 170 198
172 204 170 206
172 52 170 52
172 212 170 214
172 220 170 222
172 228 170 230
172 236 170 238
172 60 170 60
172 244 170 246
172 252 170 254
172 4 172 4
172 260 168 260
172 268 170 270
172 68 170 70
172 276 170 280
172 284 170 288
172 292 170 296
172 300 170 304
172 76 170 78
172 308 170 312
172 316 170 320
172 20 170 20
172 324 170 328
172 332 170 336
172 84 170 84
172 340 170 344
172 348 172 352
172 356 170 360
172 92 170 92
172 372 172 374
172 380 170 384
172 388 170 394
172 396 170 400
172 100 170 100
172 404 170 410
172 412 170 418
172 420 172 424
172 428 170 432
172 108 170 110
172 28 170 28
172 116 170 116
172 124 170 126
692 172 700 186
692 204 700 220
692 52 678 42
692 356 684 346
692 364 684 354
692 100 682 98
692 116 680 108
700 164 704 176
700 172 710 188
700 180 708 196
700 420 682 410
44 132 40 134
44 140 40 142
44 36 40 38
44 148 40 150
44 156 42 158
44 164 40 166
44 44 40 46
44 180 40 182
44 188 40 190
44 12 40 12
44 196 40 198
44 204 40 206
44 52 40 52
44 212 42 216
44 220 40 224
44 236 40 238
44 60 40 60
44 244 40 246
44 252 40 256
44 4 40 4
44 268 40 270
44 68 42 70
44 276 40 280
44 284 42 288
44 292 42 298
44 300 40 304
44 76 40 78
44 308 40 312
44 316 40 320
44 20 40 20
44 324 42 328
44 332 40 338
44 84 40 86
44 340 40 346
44 348 40 352
44 356 40 362
44 364 40 368
44 92 40 94
44 372 42 376
44 380 42 386
44 388 40 394
44 396 40 402
44 100 40 102
44 404 40 410
44 412 42 418
44 420 40 430
44 428 42 434
44 108 40 110
44 28 40 28
44 116 40 118
44 124 40 126
708 132 698 122
708 172 718 188
708 188 714 202
708 380 690 372
708 116 696 110
708 124 698 114
716 132 706 124
716 164 718 176
716 364 708 356
716 428 694 424
716 108 702 102
716 124 704 118
180 132 178 134
180 140 178 142
180 36 178 36
180 148 178 150
180 156 178 158
180 164 178 166
180 172 178 174
180 44 178 44
180 180 178 182
180 188 178 190
180 12 180 12
180 196 178 198
180 204 178 206
180 52 178 52
180 212 178 214
180 220 178 222
180 236 178 238
180 60 178 60
180 244 178 246
180 252 178 254
180 4 180 4
180 260 176 260
180 268 178 270
180 68 178 68
180 276 178 278
180 284 178 288
180 292 178 296
180 300 178 304
180 76 178 76
180 308 178 312
180 20 178 20
180 324 178 328
180 332 178 336
180 84 178 84
180 340 178 344
180 348 178 352
180 356 178 360
180 364 178 368
180 92 178 92
180 372 178 376
180 380 178 384
180 388 178 392
180 100 178 100
180 404 180 406
180 412 180 414
180 420 180 422
180 428 178 432
180 108 178 110
180 28 178 28
180 116 178 118
180 124 178 126
724 132 714 134
724 180 730 192
724 260 706 258
724 356 718 350
724 364 720 358
732 148 736 156
732 164 736 176
732 172 738 184
732 260 714 252
732 292 726 284
732 300 726 290
732 308 726 298
732 396 708 396
732 404 706 402
740 140 744 148
740 156 744 166
740 164 742 174
740 172 746 184
740 268 724 260
740 292 734 284
740 300 734 290
740 396 716 396
740 404 714 404
740 412 716 412
748 132 750 132
748 140 752 146
748 164 754 176
748 172 754 184
748 244 734 236
748 260 734 254
748 268 732 260
748 276 730 266
748 300 746 286
748 396 724 396
748 404 722 404
748 412 722 412
188 132 186 134
188 140 186 142
188 36 188 36
188 148 186 150
188 156 186 158
188 164 186 166
188 172 186 174
188 44 186 44
188 180 186 182
188 188 186 190
188 12 188 12
188 196 186 198
188 204 186 206
188 52 188 52
188 212 186 214
188 220 186 222
188 228 186 232
188 60 186 60
188 244 186 246
188 252 186 254
188 4 188 2
188 260 186 262
188 268 186 270
188 68 186 68
188 276 186 278
188 284 186 286
188 292 186 294
188 300 186 302
188 76 186 76
188 308 188 312
188 20 186 20
188 324 186 326
188 332 188 336
188 84 186 84
188 340 186 344
188 348 186 352
188 356 186 360
188 92 186 92
188 372 186 376
188 380 186 384
188 388 186 392
188 396 186 402
188 100 188 100
188 412 186 414
188 420 186 424
188 428 188 432
188 108 186 108
188 28 186 28
188 116 186 116
188 124 188 126
756 132 758 136
756 140 760 146
756 148 760 156
756 156 756 164
756 164 758 174
756 172 760 182
756 180 760 188
756 244 740 236
756 252 740 244
756 268 740 262
756 388 732 388
756 396 732 396
756 404 732 404
756 412 730 412
756 420 730 420
756 428 730 428
764 132 766 138
764 140 770 146
764 156 762 162
764 252 748 246
764 260 748 254
764 268 748 262
764 276 750 270
764 380 744 382
764 396 740 396
764 404 740 406
764 412 738 412
764 420 738 422
764 428 738 428
764 108 764 104
764 116 764 112
12 132 8 134
12 140 8 142
12 36 8 36
12 148 8 150
12 156 8 158
12 164 8 166
12 172 8 174
12 44 8 46
12 180 8 182
12 188 8 192
12 12 6 12
12 196 8 200
12 212 8 216
12 220 8 224
12 228 8 232
12 236 8 240
12 60 8 62
12 244 8 248
12 252 8 256
12 4 8 4
12 260 8 264
12 268 8 272
12 68 8 70
12 276 8 282
12 284 8 288
12 292 8 296
12 300 8 304
12 308 10 314
12 316 8 320
12 20 8 20
12 324 8 328
12 332 8 336
12 84 8 86
12 340 8 346
12 348 8 354
12 356 8 360
12 364 8 370
12 92 8 94
12 372 8 378
12 380 8 386
12 396 10 404
12 100 8 102
12 428 10 432
12 108 8 110
12 28 8 28
12 116 8 118
12 124 8 126
772 132 774 136
772 172 774 178
772 244 756 236
772 252 756 246
772 260 756 256
772 276 756 272
772 388 748 388
772 396 748 396
772 404 750 406
772 412 752 416
772 420 752 424
772 428 748 430
772 108 770 106
772 116 772 114
772 124 772 126
780 132 782 136
780 140 778 144
780 156 782 162
780 164 782 170
780 172 782 176
780 244 764 238
780 260 766 254
780 268 764 262
780 276 762 272
780 284 762 280
780 380 756 380
780 388 756 388
780 396 756 396
780 404 756 406
780 412 760 416
780 108 778 106
780 116 780 114
780 124 782 122
196 132 194 134
196 140 194 142
196 36 194 36
196 148 194 150
196 156 194 158
196 164 194 166
196 172 194 174
196 44 194 44
196 180 194 182
196 188 194 190
196 12 194 12
196 196 194 198
196 204 194 206
196 52 194 52
196 212 194 214
196 220 194 222
196 228 196 230
196 236 196 236
196 60 194 60
196 244 196 246
196 252 194 254
196 4 196 4
196 260 194 262
196 268 194 270
196 68 194 68
196 276 194 278
196 284 194 286
196 292 194 294
196 300 194 302
196 76 194 76
196 308 196 310
196 316 196 320
196 20 194 20
196 332 196 336
196 84 196 84
196 340 194 344
196 348 194 352
196 356 194 360
196 364 194 368
196 92 194 92
196 372 196 376
196 380 196 384
196 388 194 392
196 396 194 402
196 100 194 100
196 404 194 408
196 412 196 416
196 420 194 424
196 428 194 432
196 108 194 108
196 28 194 28
196 116 194 116
196 124 194 124
788 132 788 134
788 156 788 160
788 164 788 168
788 196 780 196
788 244 774 240
788 252 772 250
788 260 772 256
788 268 772 264
788 276 772 272
788 284 770 280
788 380 764 380
788 388 764 388
788 396 766 398
788 100 786 96
788 404 766 406
788 412 764 414
788 428 762 430
788 108 786 106
788 116 788 118
788 124 788 124
796 132 792 132
796 148 794 150
796 156 794 158
796 164 792 166
796 188 786 184
796 196 786 192
796 204 784 200
796 212 782 206
796 220 782 214
796 228 782 224
796 236 782 234
796 244 780 240
796 252 782 248
796 260 780 256
796 268 780 264
796 276 780 272
796 284 780 280
796 292 778 290
796 364 774 364
796 380 772 380
796 388 770 388
796 396 770 396
796 100 792 96
796 404 774 406
796 412 772 414
796 420 772 422
796 108 794 106
796 116 794 114
796 124 794 124
804 132 802 128
804 140 800 140
804 148 800 148
804 180 798 174
804 196 792 190
804 204 792 198
804 212 792 206
804 220 790 214
804 228 790 224
804 236 790 232
804 244 788 240
804 252 788 248
804 260 788 258
804 268 788 264
804 276 788 272
804 284 788 280
804 292 786 290
804 300 786 296
804 324 786 324
804 332 786 332
804 340 784 340
804 348 782 348
804 356 782 356
804 364 782 364
804 372 782 372
804 380 778 382
804 388 782 390
804 396 780 398
804 404 780 406
804 412 778 414
804 420 778 422
804 428 776 430
804 116 802 114
804 124 800 122
812 156 806 156
812 164 804 164
812 172 804 168
812 180 802 176
812 188 802 184
812 204 800 198
812 212 798 210
812 220 798 216
812 236 796 230
812 244 796 240
812 252 796 248
812 260 796 258
812 268 796 266
812 276 794 274
812 284 794 282
812 292 794 290
812 300 794 298
812 308 794 306
812 316 794 316
812 324 792 324
812 332 792 330
812 340 792 340
812 348 790 348
812 356 790 356
812 364 788 366
812 372 786 370
812 380 790 380
812 388 790 390
812 396 788 398
812 404 788 406
812 412 786 414
812 420 790 424
812 116 808 114
812 124 808 122
204 132 204 134
204 140 202 140
204 36 202 36
204 148 202 150
204 156 204 158
204 164 202 166
204 172 202 174
204 44 204 44
204 180 202 182
204 188 202 190
204 12 202 10
204 196 202 198
204 204 202 206
204 52 202 52
204 212 204 214
204 220 204 222
204 228 204 230
204 236 202 238
204 60 202 60
204 244 202 246
204 252 202 254
204 4 204 4
204 260 202 262
204 268 204 270
204 68 202 68
204 276 202 278
204 292 204 294
204 300 202 302
204 76 204 76
204 308 202 310
204 316 202 318
204 20 202 18
204 324 202 326
204 332 204 334
204 84 202 86
204 340 202 344
204 348 202 352
204 356 202 360
204 364 202 368
204 92 202 92
204 372 202 376
204 380 202 384
204 388 202 392
204 100 202 100
204 404 202 406
204 412 202 414
204 428 204 430
204 108 202 108
204 28 202 26
204 116 204 118
204 124 204 126
820 132 814 130
820 140 814 138
820 36 822 36
820 148 814 146
820 164 812 160
820 172 812 168
820 180 810 176
820 188 808 186
820 204 806 200
820 212 806 208
820 220 806 216
820 228 806 226
820 236 806 234
820 244 804 242
820 252 804 250
820 268 802 262
820 276 802 274
820 284 804 282
820 292 802 290
820 300 800 298
820 308 802 308
820 316 800 316
820 324 800 324
820 332 800 332
820 348 798 350
820 356 798 356
820 380 798 382
820 388 794 390
820 396 798 398
820 404 794 406
820 412 798 416
820 420 798 424
828 132 820 130
828 140 820 138
828 148 820 146
828 156 822 156
828 164 820 164
828 196 814 194
828 204 816 200
828 212 814 208
828 220 816 218
828 228 814 224
828 236 812 236
828 244 812 242
828 252 812 248
828 260 814 256
828 268 814 266
828 276 810 276
828 284 810 282
828 292 808 290
828 300 808 300
828 308 808 308
828 316 808 316
828 20 830 20
828 324 808 324
828 332 808 332
828 340 806 340
828 348 804 350
828 364 806 366
828 388 802 390
828 396 804 398
828 404 802 406
828 412 802 416
828 420 804 424
828 124 824 128
52 132 48 134
52 140 48 142
52 36 50 38
52 148 48 150
52 156 48 158
52 164 48 166
52 172 50 172
52 44 48 44
52 180 48 182
52 188 48 190
52 12 48 12
52 196 48 198
52 204 50 206
52 52 48 54
52 212 50 214
52 220 50 222
52 228 50 230
52 236 48 240
52 60 48 60
52 244 48 248
52 4 48 4
52 260 48 262
52 268 48 272
52 68 48 68
52 276 50 280
52 284 48 288
52 292 50 298
52 300 48 304
52 76 50 78
52 308 48 312
52 316 48 320
52 20 48 20
52 324 50 330
52 332 48 336
52 84 48 86
52 340 48 344
52 348 48 354
52 356 48 362
52 364 48 370
52 92 48 94
52 372 48 378
52 380 48 386
52 388 48 394
52 396 48 402
52 100 48 102
52 404 48 410
52 412 48 418
52 420 50 428
52 428 50 434
52 108 48 110
52 28 48 28
52 116 48 118
52 124 48 126
836 148 828 148
836 164 826 162
836 172 824 170
836 180 822 176
836 188 822 184
836 196 822 192
836 212 822 210
836 228 822 226
836 236 822 234
836 244 820 244
836 252 820 250
836 260 820 258
836 268 818 268
836 276 818 276
836 284 818 284
836 292 818 290
836 300 816 300
836 308 816 308
836 316 816 316
836 324 816 324
836 332 816 332
836 340 812 342
836 348 812 350
836 356 810 358
836 364 808 366
836 396 810 398
836 404 810 406
836 412 810 414
836 420 810 424
844 180 830 176
844 188 830 184
844 220 834 220
844 244 830 244
844 252 826 252
844 260 826 260
844 268 826 266
844 276 826 276
844 284 826 284
844 292 824 292
844 300 824 300
844 308 824 308
844 316 824 316
844 340 822 342
844 348 818 352
844 364 814 368
844 396 816 398
844 412 816 414
844 420 814 422
212 132 210 134
212 140 210 142
212 36 212 36
212 148 210 150
212 156 212 158
212 164 210 166
212 172 210 174
212 44 210 44
212 180 210 182
212 188 210 190
212 12 210 10
212 196 210 198
212 204 210 206
212 52 210 52
212 212 210 214
212 220 210 222
212 228 212 230
212 236 210 238
212 60 212 60
212 244 210 246
212 252 210 254
212 4 212 2
212 260 212 262
212 268 210 270
212 68 210 68
212 276 210 278
212 284 210 286
212 292 210 294
212 300 210 302
212 76 210 76
212 308 212 310
212 316 210 318
212 324 210 326
212 332 210 334
212 84 210 84
212 340 212 342
212 348 210 352
212 356 210 360
212 92 210 92
212 372 210 376
212 388 210 392
212 396 210 400
212 100 210 100
212 404 210 408
212 412 210 416
212 420 212 424
212 428 212 432
212 108 212 110
212 28 210 26
212 116 210 118
212 124 212 126
852 12 858 10
852 228 834 226
852 244 836 242
852 252 834 250
852 260 834 260
852 268 834 268
852 276 832 278
852 284 832 286
852 292 832 290
852 300 832 298
852 308 832 306
852 324 830 326
852 348 828 350
852 396 822 400
852 412 820 416
852 420 822 424
860 292 840 286
860 348 834 354
860 364 834 366
860 396 832 400
860 404 830 408
860 420 830 424
860 428 830 432
868 364 844 364
868 372 844 374
868 396 842 400
868 420 840 422
868 428 844 432
876 364 852 364
876 372 852 374
876 380 850 382
876 388 850 386
876 420 850 424
876 428 850 432
220 132 220 134
220 140 220 142
220 36 220 36
220 148 218 150
220 156 218 158
220 164 218 166
220 172 218 174
220 44 220 44
220 180 220 182
220 188 220 190
220 12 218 10
220 196 218 198
220 204 218 206
220 52 218 52
220 212 220 214
220 220 218 222
220 228 218 230
220 236 220 238
220 60 218 60
220 244 220 246
220 252 220 254
220 4 220 2
220 260 220 262
220 268 220 270
220 68 218 68
220 276 220 278
220 284 220 286
220 292 218 294
220 300 220 302
220 76 220 76
220 308 218 310
220 316 218 320
220 20 218 18
220 332 220 334
220 84 218 84
220 340 220 342
220 348 218 352
220 364 218 366
220 92 218 92
220 372 220 374
220 380 218 384
220 388 220 392
220 396 220 400
220 100 218 100
220 404 218 408
220 412 220 416
220 420 220 424
220 428 218 432
220 108 218 110
220 28 220 26
220 116 220 118
220 124 218 124
884 372 858 372
884 380 858 380
884 396 858 394
884 404 858 402
884 412 860 410
892 388 864 384
892 396 864 392
892 404 866 406
892 428 864 430
900 236 898 236
900 92 902 90
908 284 906 282
228 132 228 134
228 140 226 142
228 36 228 36
228 148 226 150
228 156 226 158
228 164 228 166
228 172 228 174
228 44 228 44
228 180 226 182
228 188 226 190
228 12 228 12
228 196 226 198
228 204 226 206
228 52 226 52
228 212 226 214
228 220 228 222
228 228 226 230
228 236 228 238
228 60 226 60
228 244 226 246
228 252 228 254
228 4 228 2
228 260 228 262
228 268 228 270
228 68 228 70
228 276 228 278
228 284 226 286
228 292 226 294
228 300 226 302
228 76 228 80
228 308 228 310
228 316 228 318
228 20 228 18
228 324 226 326
228 332 228 334
228 348 228 350
228 356 226 358
228 364 228 368
228 92 226 92
228 388 228 390
228 396 228 398
228 100 226 100
228 404 226 408
228 428 228 430
228 108 228 110
228 28 228 26
228 116 226 116
228 124 228 124
916 300 920 300
924 60 928 60
924 260 928 258
932 404 924 408
932 420 930 420
236 132 234 134
236 140 236 142
236 36 234 36
236 148 236 150
236 156 234 158
236 164 236 166
236 172 236 174
236 44 234 44
236 180 234 182
236 188 236 190
236 12 236 12
236 196 234 198
236 204 236 206
236 52 234 52
236 212 236 214
236 220 236 222
236 228 236 230
236 236 236 238
236 60 234 60
236 244 236 246
236 252 236 254
236 4 236 2
236 260 236 262
236 268 236 270
236 68 236 70
236 276 234 278
236 284 236 286
236 292 236 294
236 300 236 302
236 76 236 78
236 316 234 318
236 20 236 18
236 324 234 326
236 332 236 334
236 84 234 84
236 340 236 342
236 348 236 350
236 356 236 358
236 364 236 366
236 92 234 90
236 372 236 374
236 380 236 384
236 388 236 392
236 396 234 400
236 100 236 102
236 404 236 408
236 412 236 416
236 428 234 430
236 108 236 108
236 28 236 26
236 116 236 116
236 124 236 124
956 388 948 390
956 420 950 420
60 132 56 134
60 140 58 142
60 36 56 38
60 148 56 150
60 156 56 158
60 164 56 166
60 172 58 174
60 44 56 44
60 180 58 182
60 188 56 190
60 12 56 12
60 196 58 198
60 204 56 208
60 52 56 54
60 212 56 216
60 228 58 228
60 236 58 238
60 60 56 62
60 244 56 248
60 252 56 256
60 4 56 4
60 260 56 264
60 68 56 70
60 276 56 278
60 284 58 288
60 292 56 296
60 300 56 304
60 76 56 78
60 316 56 320
60 20 56 20
60 324 56 328
60 84 56 86
60 340 56 346
60 348 56 352
60 356 58 360
60 364 56 368
60 92 56 94
60 372 56 378
60 380 56 386
60 388 58 392
60 396 58 400
60 100 56 102
60 404 56 410
60 412 56 418
60 420 56 426
60 428 56 434
60 108 56 110
60 28 56 28
60 116 56 118
60 124 56 126
964 268 968 266
972 204 972 202
972 308 978 308
972 108 970 106
244 132 244 134
244 140 244 142
244 36 244 34
244 148 244 150
244 156 242 156
244 164 242 166
244 172 244 174
244 44 244 44
244 180 244 182
244 188 242 190
244 12 244 10
244 196 244 198
244 204 244 206
244 52 244 52
244 212 244 214
244 220 242 222
244 228 244 230
244 236 244 238
244 60 244 60
244 244 244 246
244 252 244 254
244 4 244 4
244 260 244 262
244 268 242 270
244 68 244 68
244 276 244 278
244 284 244 286
244 292 242 294
244 300 244 302
244 76 244 78
244 308 244 312
244 20 244 18
244 324 242 326
244 332 244 334
244 84 244 86
244 340 244 342
244 348 244 350
244 356 244 360
244 364 244 368
244 92 242 90
244 380 244 382
244 388 244 392
244 100 244 102
244 404 244 408
244 412 244 416
244 420 242 424
244 428 242 432
244 108 244 108
244 28 244 26
244 116 244 116
244 124 244 124
980 12 978 10
980 4 978 4
980 388 980 390
988 372 986 368
988 412 986 410
996 12 996 10
996 396 996 396
1004 372 1004 370
252 132 252 134
252 140 250 140
252 36 252 34
252 148 250 150
252 156 252 158
252 164 250 166
252 172 252 174
252 44 252 44
252 180 252 182
252 188 252 190
252 12 252 10
252 196 252 198
252 204 252 206
252 52 252 52
252 212 252 214
252 220 252 222
252 228 252 230
252 236 252 238
252 60 252 60
252 244 252 246
252 252 252 254
252 4 252 4
252 260 252 262
252 268 252 270
252 68 252 68
252 276 252 278
252 284 252 286
252 292 250 294
252 300 252 302
252 76 252 76
252 308 252 310
252 316 252 318
252 20 252 20
252 324 250 326
252 332 252 334
252 84 252 84
252 340 250 342
252 348 250 350
252 364 252 366
252 92 252 92
252 372 252 374
252 380 252 384
252 388 252 392
252 396 252 400
252 100 252 102
252 404 250 408
252 412 252 416
252 428 252 430
252 108 252 108
252 28 252 26
252 116 252 114
252 124 252 126
1012 364 1012 362
1012 372 1010 372
1012 388 1012 388
1020 12 1020 12
1020 4 1020 2
1020 68 1020 66
1020 348 1020 352
1020 364 1020 364
1020 388 1020 390
1020 28 1020 28
4 132 0 134
4 140 0 142
4 36 0 38
4 148 0 150
4 156 0 158
4 164 0 166
4 172 0 174
4 44 0 46
4 180 0 182
4 188 0 190
4 196 0 200
4 204 0 208
4 52 0 54
4 212 0 216
4 220 0 224
4 236 0 240
4 60 0 62
4 244 0 248
4 4 0 2
4 268 0 272
4 68 0 70
4 276 0 282
4 284 0 288
4 292 0 298
4 300 0 304
4 76 0 78
4 308 0 312
4 316 0 322
4 20 0 22
4 324 0 330
4 332 0 336
4 84 0 86
4 340 2 348
4 348 2 356
4 356 0 362
4 364 0 368
4 92 0 94
4 372 0 378
4 380 2 384
4 388 2 392
4 396 6 402
4 100 2 106
4 404 4 414
4 412 4 422
4 420 4 426
4 28 0 30
4 116 0 118
4 124 0 126
260 132 260 134
260 140 260 142
260 36 260 34
260 148 260 150
260 156 260 158
260 164 260 166
260 172 260 174
260 44 260 44
260 180 260 182
260 188 260 190
260 12 260 12
260 196 260 198
260 204 260 204
260 212 260 214
260 220 260 222
260 228 260 230
260 236 260 238
260 60 260 60
260 244 260 246
260 252 260 254
260 4 260 4
260 260 260 262
260 268 260 270
260 68 260 68
260 276 260 278
260 284 260 286
260 292 260 292
260 300 260 302
260 76 260 78
260 308 260 310
260 316 260 318
260 20 260 18
260 324 260 326
260 332 260 334
260 84 260 84
260 340 258 342
260 348 258 350
260 364 258 366
260 92 260 92
260 380 260 382
260 388 260 390
260 100 260 100
260 404 260 406
260 412 258 416
260 420 260 424
260 428 260 432
260 108 260 108
260 28 260 26
260 116 260 116
260 124 260 124
268 132 268 132
268 140 268 142
268 36 268 34
268 148 268 150
268 156 268 158
268 164 268 166
268 172 268 174
268 44 270 44
268 180 268 182
268 188 268 190
268 12 268 10
268 196 268 198
268 204 268 204
268 212 268 214
268 220 268 222
268 228 268 230
268 236 268 238
268 244 268 246
268 252 268 254
268 4 268 2
268 260 268 262
268 268 268 270
268 68 270 70
268 276 268 278
268 284 268 286
268 292 268 294
268 300 268 302
268 76 268 76
268 308 268 310
268 316 268 318
268 20 268 18
268 324 266 326
268 332 268 334
268 84 268 84
268 340 268 342
268 348 266 350
268 356 268 360
268 92 268 92
268 372 268 374
268 380 268 382
268 396 268 398
268 100 268 102
268 404 268 406
268 412 268 414
268 428 268 430
268 108 268 108
268 28 268 26
268 116 268 116
268 124 268 124
68 132 66 134
68 140 66 142
68 36 64 36
68 148 64 150
68 156 64 158
68 164 64 166
68 172 66 174
68 44 64 44
68 180 64 182
68 12 64 12
68 204 66 206
68 52 64 52
68 220 64 222
68 228 66 230
68 236 66 238
68 60 66 62
68 244 64 248
68 252 64 256
68 4 64 4
68 260 64 264
68 268 66 272
68 276 66 280
68 292 64 296
68 300 64 304
68 76 64 78
68 308 66 314
68 316 66 322
68 20 64 20
68 324 66 328
68 332 66 336
68 84 64 86
68 340 64 344
68 356 66 358
68 364 66 368
68 92 64 94
68 372 64 376
68 380 64 386
68 388 64 394
68 396 64 402
68 100 66 102
68 404 64 410
68 412 64 416
68 420 66 426
68 428 66 434
68 108 66 110
68 28 66 30
68 124 64 126
276 132 276 132
276 140 276 140
276 36 276 34
276 148 276 150
276 156 276 158
276 164 276 166
276 172 276 174
276 44 276 44
276 180 276 182
276 188 276 188
276 12 276 12
276 196 276 198
276 204 276 206
276 52 278 52
276 212 276 214
276 220 276 222
276 228 276 230
276 236 276 238
276 244 276 246
276 252 276 254
276 4 276 2
276 260 276 262
276 268 276 270
276 68 274 68
276 276 276 278
276 284 276 286
276 292 276 294
276 300 276 302
276 76 276 76
276 308 276 310
276 316 274 318
276 20 276 20
276 324 276 326
276 332 276 334
276 84 276 84
276 340 276 342
276 348 274 350
276 356 276 360
276 92 276 92
276 372 276 374
276 380 276 382
276 396 276 398
276 100 276 100
276 404 276 406
276 412 276 414
276 428 276 430
276 108 276 108
276 28 276 26
276 116 276 116
276 124 276 124
284 132 282 132
284 140 284 140
284 36 284 34
284 148 284 150
284 156 284 158
284 164 284 166
284 172 284 174
284 44 284 44
284 180 284 182
284 188 284 190
284 12 284 10
284 196 284 198
284 204 284 206
284 52 284 52
284 212 284 214
284 220 284 222
284 228 284 230
284 236 284 238
284 244 284 246
284 252 284 254
284 4 284 2
284 260 284 262
284 268 284 270
284 276 284 278
284 284 284 286
284 292 284 294
284 300 284 302
284 76 284 78
284 308 284 310
284 316 284 318
284 20 284 20
284 324 284 326
284 332 284 334
284 84 284 84
284 340 282 342
284 348 282 350
284 356 284 360
284 92 284 92
284 372 284 374
284 380 284 382
284 388 282 392
284 100 284 100
284 404 284 408
284 412 284 416
284 428 284 430
284 108 284 108
284 28 284 26
284 116 284 116
284 124 282 124
292 132 290 132
292 140 292 142
292 36 292 34
292 148 292 150
292 156 292 158
292 164 292 166
292 172 292 172
292 44 292 44
292 180 292 182
292 188 292 188
292 12 292 10
292 196 292 198
292 204 292 206
292 52 292 52
292 212 292 214
292 220 292 222
292 228 292 230
292 236 292 238
292 60 294 60
292 244 292 246
292 252 292 254
292 4 292 0
292 260 292 262
292 268 292 270
292 276 292 278
292 284 292 286
292 292 294 292
292 300 292 302
292 308 292 310
292 316 292 318
292 20 292 18
292 324 292 326
292 332 292 334
292 84 290 82
292 340 292 342
292 348 290 350
292 364 292 366
292 92 290 90
292 372 292 374
292 380 292 382
292 388 292 390
292 396 292 400
292 100 292 100
292 404 292 408
292 420 290 424
292 108 292 108
292 28 292 26
292 116 292 116
292 124 290 124
300 132 300 134
300 140 300 142
300 36 300 34
300 148 300 150
300 156 300 158
300 164 300 164
300 172 300 174
300 44 300 42
300 180 300 180
300 188 300 188
300 12 300 10
300 196 300 198
300 204 300 206
300 52 300 52
300 212 300 214
300 220 302 222
300 228 300 230
300 236 300 238
300 244 300 246
300 252 300 254
300 4 300 2
300 260 300 262
300 268 300 270
300 276 300 278
300 284 298 288
300 300 300 302
300 76 300 76
300 20 300 18
300 332 300 334
300 340 300 342
300 348 300 350
300 364 300 366
300 92 298 90
300 372 300 374
300 380 300 382
300 388 300 390
300 396 300 398
300 100 300 100
300 404 300 406
300 412 300 414
300 420 300 422
300 428 300 430
300 108 300 108
300 28 300 26
300 116 300 118
300 124 300 124
76 132 74 134
76 140 74 142
76 36 72 36
76 148 72 150
76 156 72 158
76 164 72 166
76 172 72 174
76 44 72 46
76 180 70 186
76 12 74 12
76 204 72 208
76 52 72 52
76 212 74 216
76 228 72 232
76 236 74 240
76 60 72 62
76 252 72 256
76 4 74 4
76 260 74 264
76 268 74 272
76 68 72 70
76 276 74 280
76 284 72 288
76 292 72 296
76 300 74 304
76 76 72 78
76 308 72 312
76 316 74 320
76 20 72 20
76 324 74 328
76 332 72 336
76 84 72 86
76 340 72 344
76 356 74 360
76 364 74 368
76 92 74 94
76 372 74 376
76 380 74 384
76 388 74 392
76 396 74 402
76 100 74 100
76 404 72 410
76 412 74 418
76 420 72 426
76 428 74 434
76 108 72 112
76 28 74 30
76 124 72 126
308 132 308 132
308 140 308 140
308 36 308 34
308 148 308 148
308 156 308 156
308 164 308 166
308 172 308 172
308 44 308 42
308 180 308 180
308 188 308 190
308 12 308 10
308 196 308 198
308 204 308 206
308 52 310 52
308 212 308 214
308 236 308 238
308 244 308 250
308 4 308 2
308 76 308 76
308 316 316 322
308 20 308 18
308 324 316 332
308 340 310 340
308 348 308 350
308 356 308 360
308 364 308 368
308 380 308 384
308 396 308 398
308 100 308 100
308 404 308 406
308 412 308 414
308 420 308 422
308 428 308 430
308 108 306 106
308 28 308 26
308 116 308 118
308 124 308 124
316 132 316 132
316 140 316 140
316 36 316 34
316 148 316 148
316 156 316 158
316 164 316 166
316 172 316 172
316 44 316 42
316 180 316 182
316 188 316 190
316 12 316 10
316 196 314 198
316 204 316 204
316 52 318 52
316 4 316 2
316 268 336 282
316 308 330 312
316 316 326 318
316 20 316 18
316 324 330 330
316 348 316 348
316 356 316 358
316 364 316 366
316 372 316 374
316 388 316 390
316 396 316 398
316 404 316 406
316 412 316 414
316 420 316 422
316 428 316 430
316 28 316 26
316 124 316 124
20 132 16 134
20 140 16 142
20 36 16 36
20 148 16 150
20 156 16 158
20 164 16 166
20 172 16 174
20 44 16 46
20 180 16 182
20 188 16 192
20 12 16 12
20 196 16 200
20 204 16 208
20 52 14 52
20 220 16 224
20 228 16 232
20 236 16 240
20 60 16 62
20 252 16 256
20 4 16 4
20 260 16 264
20 268 16 272
20 68 16 70
20 276 18 280
20 284 16 288
20 292 16 296
20 300 16 304
20 76 14 76
20 308 16 312
20 316 16 320
20 20 16 20
20 324 16 328
20 332 16 336
20 84 16 86
20 340 16 344
20 348 16 354
20 356 18 360
20 364 18 370
20 92 16 94
20 372 16 378
20 380 16 386
20 388 18 396
20 396 18 404
20 100 16 102
20 428 18 434
20 108 16 110
20 28 16 30
20 116 16 118
20 124 16 126
324 132 324 132
324 140 324 140
324 36 324 34
324 148 324 148
324 156 324 156
324 164 322 162
324 172 324 174
324 44 324 42
324 180 324 182
324 188 324 190
324 12 324 10
324 204 338 216
324 52 324 52
324 4 324 2
324 260 342 272
324 300 338 306
324 308 338 312
324 316 338 322
324 20 324 18
324 332 334 336
324 84 320 82
324 348 326 350
324 356 328 358
324 364 324 366
324 372 324 374
324 380 324 382
324 388 324 390
324 396 324 398
324 404 324 406
324 412 324 414
324 420 324 422
324 428 324 430
324 28 324 26
324 124 324 124
332 132 332 132
332 140 332 140
332 36 332 34
332 148 332 148
332 156 332 156
332 164 332 164
332 172 332 172
332 44 332 42
332 180 332 180
332 204 346 214
332 52 332 52
332 60 334 60
332 244 350 254
332 252 350 262
332 260 348 270
332 268 350 278
332 276 348 282
332 300 348 302
332 308 344 314
332 316 344 322
332 20 332 18
332 324 344 328
332 340 344 344
332 364 338 374
332 372 338 378
332 396 334 398
332 404 334 404
332 412 334 412
332 420 334 422
332 428 334 434
332 28 332 26
84 132 80 134
84 140 82 142
84 36 80 38
84 148 80 152
84 164 80 166
84 172 80 176
84 44 82 46
84 188 82 190
84 12 80 12
84 196 82 198
84 204 82 206
84 52 80 52
84 212 82 216
84 220 82 224
84 236 82 240
84 60 80 60
84 4 80 4
84 260 82 266
84 268 80 272
84 68 80 70
84 276 80 280
84 284 82 288
84 292 80 296
84 300 82 304
84 76 82 76
84 308 80 312
84 316 82 320
84 20 80 20
84 324 82 328
84 84 82 84
84 340 82 342
84 348 82 352
84 356 82 360
84 364 82 370
84 92 80 94
84 372 82 376
84 380 80 384
84 388 82 392
84 396 82 402
84 100 80 102
84 404 82 408
84 412 82 418
84 420 82 426
84 428 80 434
84 108 80 110
84 28 82 28
84 116 80 118
84 124 82 126
340 132 340 132
340 140 340 140
340 36 340 34
340 148 340 148
340 156 340 156
340 164 340 164
340 172 340 172
340 44 340 42
340 188 354 198
340 12 340 10
340 196 356 206
340 204 356 218
340 52 340 50
340 212 358 226
340 60 340 60
340 252 356 262
340 4 340 2
340 260 356 268
340 268 362 278
340 68 342 68
340 276 356 282
340 316 352 320
340 340 352 344
340 348 352 354
340 356 350 366
340 364 350 372
340 372 350 382
340 380 350 392
340 28 340 26
340 116 340 116
348 132 350 132
348 140 348 140
348 36 348 34
348 148 348 148
348 156 348 156
348 164 348 164
348 44 348 42
348 180 362 190
348 188 364 200
348 52 348 50
348 220 362 228
348 228 364 238
348 236 366 248
348 60 348 60
348 244 370 256
348 260 368 270
348 268 368 278
348 276 368 284
348 284 364 290
348 292 364 298
348 300 364 304
348 316 362 318
348 20 348 18
348 324 358 330
348 332 360 338
348 340 362 344
348 364 360 370
348 372 358 378
348 380 358 390
348 388 356 398
348 396 356 404
348 404 356 416
348 412 354 424
348 420 354 432
348 108 348 108
356 132 356 132
356 140 356 140
356 36 356 34
356 148 356 148
356 156 356 156
356 164 356 164
356 172 370 182
356 44 356 42
356 180 370 190
356 188 372 198
356 12 356 10
356 196 372 208
356 52 356 50
356 220 370 230
356 228 370 236
356 236 374 248
356 60 356 60
356 244 378 256
356 4 356 2
356 260 376 270
356 268 378 278
356 68 356 68
356 276 376 284
356 308 372 310
356 316 370 318
356 20 356 16
356 324 370 328
356 332 370 336
356 340 370 344
356 348 370 352
356 356 370 360
356 380 366 386
356 388 366 396
356 396 366 406
356 412 364 422
356 420 362 430
356 428 364 434
356 28 356 26
364 132 364 132
364 140 364 140
364 36 364 34
364 148 364 148
364 156 364 156
364 172 380 182
364 44 364 42
364 180 380 190
364 188 380 198
364 12 364 10
364 196 380 206
364 204 380 214
364 52 364 50
364 212 382 222
364 228 378 238
364 236 378 244
364 60 364 58
364 244 382 254
364 252 386 264
364 4 364 2
364 260 384 272
364 68 364 66
364 276 384 284
364 300 380 302
364 316 380 318
364 20 364 18
364 324 380 326
364 332 378 334
364 84 366 84
364 348 378 350
364 356 378 358
364 364 376 368
364 372 376 378
364 380 376 386
364 388 374 396
364 396 374 406
364 404 374 416
364 420 372 430
364 28 364 26
92 132 90 134
92 140 90 142
92 36 88 38
92 148 90 150
92 164 90 166
92 172 88 174
92 44 88 44
92 180 90 182
92 188 90 190
92 12 90 12
92 204 90 206
92 52 90 52
92 212 90 214
92 220 90 222
92 228 90 232
92 236 90 240
92 60 90 62
92 252 90 254
92 4 90 4
92 260 90 264
92 268 88 274
92 68 90 70
92 276 88 280
92 284 90 288
92 292 90 296
92 76 90 78
92 308 90 312
92 316 90 320
92 20 88 20
92 324 90 328
92 332 90 336
92 84 90 86
92 340 90 344
92 348 90 352
92 356 88 360
92 364 90 370
92 92 88 94
92 372 90 378
92 380 90 384
92 388 90 392
92 396 90 400
92 100 88 102
92 404 90 410
92 412 90 418
92 420 90 426
92 428 88 434
92 108 90 108
92 28 90 28
92 116 90 118
92 124 88 126
372 132 372 132
372 140 372 140
372 148 372 148
372 156 372 156
372 164 388 172
372 172 388 182
372 44 372 42
372 180 388 190
372 188 388 198
372 12 372 10
372 196 388 208
372 204 388 216
372 212 390 226
372 220 390 232
372 228 390 240
372 244 390 254
372 268 392 278
372 300 388 302
372 308 388 310
372 316 388 318
372 20 372 18
372 324 388 326
372 332 386 334
372 340 382 342
372 348 384 350
372 356 384 356
372 364 386 370
372 372 386 378
372 380 384 386
372 388 384 394
372 396 382 404
372 404 382 416
372 412 382 424
372 420 382 432
372 108 372 108
380 132 380 132
380 140 380 140
380 148 380 148
380 156 382 158
380 164 396 172
380 172 396 180
380 180 396 190
380 188 396 198
380 196 398 210
380 212 396 224
380 220 396 232
380 236 396 246
380 244 398 254
380 252 398 264
380 308 392 312
380 324 394 326
380 332 392 332
380 340 392 342
380 364 390 364
380 372 392 376
380 380 392 386
380 396 390 402
380 404 390 414
380 412 390 422
380 420 390 430
380 428 390 434
380 124 380 124
388 132 388 132
388 140 388 140
388 148 388 148
388 156 390 158
388 164 404 174
388 172 404 182
388 180 406 192
388 188 404 200
388 204 406 218
388 212 406 226
388 220 406 234
388 228 406 240
388 244 406 254
388 268 406 278
388 300 400 304
388 316 402 318
388 324 402 326
388 332 402 334
388 340 400 342
388 348 398 350
388 364 396 366
388 380 400 386
388 388 398 396
388 396 400 404
388 404 398 414
388 412 398 422
388 420 398 432
388 124 388 124
396 132 396 132
396 140 396 140
396 148 396 148
396 164 412 172
396 172 410 178
396 180 412 190
396 188 412 198
396 196 410 206
396 204 410 216
396 212 412 226
396 220 414 232
396 244 412 252
396 252 412 260
396 300 408 304
396 324 410 326
396 332 408 334
396 348 406 350
396 356 404 362
396 372 402 374
396 388 406 396
396 396 408 404
396 404 406 412
396 420 406 430
100 132 98 134
100 140 98 142
100 36 98 36
100 156 98 158
100 164 98 164
100 172 98 174
100 44 102 46
100 180 98 184
100 188 98 192
100 12 98 12
100 204 98 206
100 52 96 52
100 212 98 216
100 236 96 238
100 60 96 62
100 244 96 248
100 252 98 256
100 4 98 4
100 260 98 264
100 268 98 272
100 68 96 68
100 276 98 280
100 284 98 288
100 292 96 296
100 300 98 304
100 76 96 78
100 308 98 312
100 316 98 320
100 20 98 20
100 324 98 328
100 332 98 336
100 84 98 86
100 340 98 344
100 348 98 352
100 356 98 360
100 364 96 370
100 92 100 90
100 372 98 378
100 380 96 386
100 388 98 392
100 396 96 402
100 100 98 100
100 404 98 410
100 412 98 418
100 420 98 424
100 428 96 434
100 108 98 108
100 28 98 26
100 116 98 116
100 124 98 126
404 140 404 140
404 164 420 172
404 180 420 190
404 188 420 196
404 196 420 204
404 204 420 212
404 212 420 224
404 220 422 232
404 236 420 244
404 244 420 254
404 252 420 260
404 260 422 274
404 300 418 304
404 308 418 312
404 316 418 322
404 324 416 328
404 332 416 336
404 340 414 344
404 356 412 360
404 372 410 374
404 380 410 384
404 404 414 414
404 412 414 422
404 420 414 430
404 428 414 434
412 132 410 130
412 140 412 140
412 172 430 182
412 180 428 190
412 188 426 194
412 212 426 220
412 220 428 230
412 228 428 240
412 236 430 248
412 252 428 258
412 260 430 272
412 276 434 286
412 284 430 290
412 300 426 304
412 308 426 312
412 316 426 320
412 324 424 330
412 340 422 344
412 348 420 352
412 356 420 362
412 364 418 368
412 380 416 384
412 396 422 406
412 404 422 414
412 412 422 422
412 420 422 432
412 124 408 122
420 140 420 140
420 172 436 182
420 180 436 190
420 188 436 196
420 196 436 202
420 204 436 210
420 212 438 222
420 220 436 228
420 228 438 240
420 244 438 250
420 260 438 272
420 276 440 286
420 284 440 292
420 300 430 302
420 308 434 312
420 316 434 322
420 324 434 330
420 332 430 338
420 340 428 346
420 348 428 354
420 356 428 362
420 364 426 368
420 388 422 392
420 404 428 416
420 412 430 424
420 420 430 432
428 132 428 132
428 140 428 140
428 148 428 148
428 156 428 156
428 188 444 196
428 196 444 202
428 204 446 214
428 212 446 222
428 220 446 230
428 228 444 234
428 236 446 246
428 244 446 256
428 260 446 266
428 276 448 286
428 316 442 322
428 324 442 330
428 332 438 338
428 340 436 346
428 348 434 354
428 356 434 362
428 372 430 378
428 380 428 386
428 388 428 392
428 404 434 416
428 412 436 424
428 420 436 432
428 116 428 116
428 124 426 122
108 132 106 130
108 140 106 142
108 36 106 36
108 148 106 150
108 156 106 156
108 164 106 166
108 172 106 174
108 44 106 44
108 180 104 180
108 12 106 12
108 196 106 200
108 204 106 208
108 52 104 52
108 220 104 222
108 228 106 230
108 236 106 240
108 60 104 60
108 244 106 248
108 252 106 258
108 4 106 4
108 260 106 264
108 268 104 272
108 68 106 70
108 276 106 280
108 284 106 288
108 292 106 296
108 300 104 304
108 76 106 78
108 308 106 312
108 316 106 320
108 20 106 20
108 324 106 328
108 332 106 336
108 84 106 84
108 340 106 344
108 348 106 352
108 356 106 360
108 364 106 368
108 92 106 92
108 372 106 376
108 380 106 384
108 388 106 392
108 396 106 402
108 100 106 98
108 404 106 410
108 412 106 416
108 420 106 424
108 428 106 434
108 108 106 108
108 28 106 30
108 116 106 118
108 124 106 124
436 140 436 140
436 148 436 148
436 156 436 156
436 164 436 162
436 196 452 206
436 204 454 214
436 212 454 222
436 220 454 228
436 228 454 238
436 236 452 248
436 252 454 262
436 260 454 266
436 268 454 274
436 332 448 338
436 340 446 346
436 348 442 352
436 364 438 368
436 372 438 376
436 388 438 390
436 396 434 400
436 404 434 408
436 420 442 430
436 428 442 434
436 116 434 114
444 132 446 134
444 148 444 148
444 156 444 156
444 164 444 162
444 212 460 222
444 220 460 230
444 228 460 238
444 236 458 246
444 244 460 256
444 268 462 278
444 68 446 68
444 356 448 358
444 364 446 366
444 372 446 378
444 388 446 388
444 396 444 398
444 404 444 408
444 428 450 434
28 132 24 134
28 140 24 142
28 36 24 38
28 148 24 150
28 156 24 160
28 172 24 174
28 44 26 46
28 180 24 182
28 12 24 12
28 196 24 198
28 52 26 54
28 212 24 214
28 220 24 222
28 228 24 230
28 236 24 240
28 60 24 62
28 252 24 256
28 4 24 4
28 260 24 264
28 268 24 272
28 68 24 70
28 276 24 280
28 284 24 288
28 292 24 296
28 300 24 306
28 76 24 78
28 308 24 312
28 316 24 320
28 20 24 20
28 324 24 328
28 332 26 336
28 84 24 86
28 340 24 344
28 348 24 352
28 356 24 362
28 364 24 370
28 92 24 94
28 372 24 376
28 380 26 386
28 388 26 392
28 396 24 400
28 100 24 102
28 108 24 110
28 28 24 30
28 116 24 118
452 132 450 130
452 140 452 140
452 156 452 156
452 164 452 164
452 172 452 172
452 180 452 178
452 188 454 186
452 220 468 230
452 228 468 238
452 236 468 246
452 244 468 254
452 252 466 260
452 300 454 300
452 308 454 306
452 316 452 318
452 348 456 350
452 356 456 356
452 364 456 364
452 380 454 378
452 388 454 388
452 396 454 398
452 404 452 406
460 164 460 164
460 172 460 172
460 180 460 180
460 188 460 188
460 12 462 8
460 196 460 196
460 204 462 202
460 212 462 212
460 68 460 68
460 292 462 294
460 340 464 338
460 348 464 348
460 356 466 356
460 364 466 364
460 372 464 370
460 380 462 380
460 388 462 388
460 396 462 398
460 404 462 408
460 412 458 416
460 428 462 434
116 132 112 130
116 140 114 142
116 36 114 36
116 148 114 150
116 156 114 158
116 164 114 166
116 172 112 174
116 44 114 44
116 180 112 178
116 188 112 188
116 12 114 12
116 196 114 200
116 52 114 52
116 212 114 216
116 228 114 232
116 60 114 60
116 244 114 246
116 252 114 256
116 4 116 4
116 260 114 264
116 268 114 274
116 68 114 68
116 276 114 280
116 284 114 288
116 292 114 296
116 300 114 304
116 76 114 76
116 308 114 312
116 316 114 320
116 20 114 20
116 324 114 328
116 332 114 336
116 84 114 84
116 340 114 346
116 348 114 352
116 356 114 360
116 364 114 370
116 92 114 94
116 372 114 376
116 380 114 384
116 388 114 392
116 396 114 400
116 100 114 102
116 404 112 410
116 412 114 418
116 420 114 426
116 108 114 110
116 28 114 28
116 116 114 118
116 124 112 124
468 140 468 140
468 148 468 148
468 156 468 156
468 164 468 164
468 172 468 172
468 44 468 44
468 180 468 180
468 188 468 188
468 196 468 196
468 204 468 204
468 212 468 210
468 220 470 218
468 292 470 294
468 300 466 302
468 308 470 310
468 316 470 316
468 332 472 332
468 84 468 82
468 340 472 340
468 348 472 346
468 364 472 362
468 372 472 370
468 380 470 380
468 388 470 390
468 396 470 398
476 132 476 132
476 140 476 140
476 36 476 34
476 148 476 148
476 164 476 164
476 172 476 172
476 44 476 44
476 180 476 180
476 52 476 50
476 220 478 218
476 228 480 226
476 236 482 234
476 60 476 58
476 260 482 258
476 268 480 266
476 68 476 66
476 276 478 282
476 292 474 296
476 300 476 306
476 76 476 76
476 316 478 316
476 20 476 14
476 324 480 322
476 332 480 330
476 84 476 82
476 348 482 342
476 356 480 352
476 364 480 362
476 372 480 370
476 388 478 388
476 396 478 398
484 36 484 32
484 44 484 42
484 12 484 10
484 236 488 234
484 60 484 58
484 244 486 242
484 252 486 250
484 4 484 0
484 260 488 258
484 268 488 266
484 68 484 66
484 308 490 306
484 316 490 314
484 20 484 18
484 324 488 322
484 332 492 332
484 84 484 82
484 340 488 336
484 348 488 344
484 356 488 352
484 364 488 360
484 92 484 90
484 372 488 370
484 380 486 378
484 388 486 388
484 28 484 26
492 12 492 10
492 236 496 234
492 244 496 242
492 252 496 250
492 4 492 4
492 260 496 258
492 268 496 268
492 300 496 300
492 76 492 74
492 308 496 306
492 20 492 18
492 84 492 82
492 348 496 344
492 356 496 352
492 364 496 360
492 92 492 90
492 372 496 370
492 380 496 378
492 388 494 390
492 100 492 98
492 404 494 410
492 28 492 24
124 132 124 134
124 140 122 142
124 36 122 36
124 148 122 150
124 156 122 158
124 164 120 164
124 44 122 44
124 180 122 182
124 188 122 190
124 12 122 12
124 204 122 206
124 52 122 52
124 212 122 214
124 220 122 222
124 228 120 232
124 236 122 240
124 60 122 60
124 244 120 248
124 4 122 4
124 260 122 262
124 68 122 70
124 276 120 278
124 292 120 294
124 300 120 302
124 76 122 76
124 308 122 312
124 316 122 320
124 20 122 20
124 324 122 328
124 332 122 336
124 84 122 84
124 340 122 344
124 348 122 352
124 356 122 360
124 364 122 368
124 92 122 90
124 372 122 376
124 380 122 384
124 388 122 392
124 396 122 400
124 100 122 102
124 404 122 410
124 412 122 416
124 420 122 424
124 428 122 432
124 108 120 108
124 28 120 28
124 116 122 118
124 124 122 126
500 36 500 34
500 236 504 234
500 244 504 242
500 252 504 250
500 260 506 260
500 300 504 300
500 332 502 328
500 340 502 336
500 356 504 352
500 364 504 360
500 92 500 90
500 372 504 370
500 388 506 388
500 100 500 98
500 420 500 422
500 108 500 106
508 132 508 132
508 236 512 234
508 244 512 242
508 252 512 250
508 260 512 258
508 268 514 266
508 292 510 292
508 316 514 316
508 332 510 328
508 340 508 336
508 356 512 352
508 364 512 360
508 372 512 370
508 420 506 420
508 116 508 116
508 124 508 124
