516 132 526 124
516 36 514 36
516 148 528 138
516 156 528 148
516 164 528 154
516 172 528 162
516 44 514 44
516 180 528 170
516 188 528 178
516 12 514 12
516 204 530 190
516 52 516 52
516 228 530 220
516 236 530 228
516 60 516 60
516 244 530 236
516 252 530 246
516 4 514 4
516 260 530 254
516 68 516 68
516 276 526 274
516 284 526 282
516 292 524 290
516 300 522 300
516 76 516 72
516 308 520 314
516 316 520 322
516 20 514 20
516 324 520 330
516 332 520 338
516 84 522 82
516 340 522 348
516 348 520 356
516 356 520 364
516 364 518 370
516 372 518 378
516 380 518 384
516 412 518 418
516 108 526 102
516 28 514 28
516 116 526 108
516 124 526 116
524 132 534 124
524 140 534 132
524 36 522 36
524 148 536 138
524 156 536 148
524 164 536 154
524 172 536 162
524 44 524 44
524 180 536 170
524 188 536 178
524 12 524 12
524 196 536 186
524 204 536 194
524 52 524 52
524 212 536 200
524 220 536 214
524 228 536 222
524 236 538 228
524 60 522 60
524 252 538 246
524 4 522 4
524 260 534 258
524 268 534 266
524 68 522 68
524 276 534 274
524 284 532 282
524 292 532 292
524 300 526 304
524 76 524 76
524 308 528 314
524 20 522 20
524 324 528 330
524 332 528 338
524 340 528 348
524 348 528 356
524 356 528 364
524 364 528 370
524 92 534 90
524 380 524 382
524 388 524 388
524 396 526 398
524 404 524 404
524 412 524 412
524 420 524 420
524 428 524 428
524 108 534 102
524 28 524 28
524 116 534 110
524 124 534 116
132 132 130 132
132 140 130 140
132 36 130 38
132 148 130 148
132 156 130 156
132 164 130 164
132 172 130 172
132 44 130 46
132 180 130 180
132 188 130 188
132 12 130 12
132 196 130 196
132 204 130 204
132 52 130 54
132 212 130 212
132 220 130 220
132 228 130 228
132 236 130 236
132 60 130 62
132 244 130 244
132 252 128 252
132 4 130 4
132 260 126 260
132 268 130 268
132 68 130 68
132 276 130 276
132 284 130 284
132 292 130 292
132 300 130 300
132 76 130 76
132 308 130 308
132 316 128 316
132 20 130 20
132 324 130 324
132 332 130 332
132 84 130 84
132 340 130 340
132 348 132 348
132 356 130 356
132 364 130 364
132 92 130 92
132 372 130 372
132 380 130 380
132 388 130 388
132 396 130 396
132 100 130 100
132 404 130 404
132 412 132 412
132 420 130 420
132 428 130 428
132 108 132 108
132 28 130 30
132 116 130 116
132 124 130 124
532 132 542 124
532 36 532 36
532 148 544 140
532 156 544 148
532 164 544 154
532 172 544 162
532 44 532 44
532 180 544 170
532 188 544 178
532 12 530 12
532 196 544 188
532 204 544 196
532 52 530 52
532 212 544 204
532 220 544 214
532 228 544 224
532 60 530 60
532 252 542 250
532 4 530 4
532 260 542 258
532 268 542 266
532 68 530 68
532 276 542 272
532 292 536 298
532 300 536 306
532 76 530 76
532 308 536 314
532 316 534 320
532 20 532 20
532 324 536 330
532 332 538 340
532 84 530 86
532 340 538 348
532 348 536 356
532 356 536 364
532 364 536 370
532 92 538 90
532 380 530 382
532 388 530 388
532 396 530 396
532 404 530 404
532 412 530 412
532 420 532 420
532 428 530 428
532 108 542 104
532 28 530 28
532 124 542 118
540 132 550 124
540 140 550 134
540 36 538 36
540 148 552 140
540 156 552 148
540 164 552 156
540 172 552 162
540 44 538 44
540 180 552 170
540 188 554 178
540 12 538 12
540 196 552 190
540 204 552 196
540 52 538 52
540 212 552 204
540 220 552 216
540 228 552 224
540 236 550 234
540 60 540 60
540 4 540 4
540 68 538 68
540 284 544 290
540 292 546 300
540 300 544 306
540 76 540 76
540 316 544 322
540 20 540 20
540 324 546 332
540 332 546 340
540 84 540 84
540 340 546 348
540 348 544 356
540 356 546 362
540 364 544 372
540 372 542 380
540 388 538 390
540 396 538 396
540 404 538 404
540 412 538 412
540 420 538 420
540 428 538 428
540 28 538 28
540 116 550 112
548 132 558 124
548 36 548 36
548 148 560 142
548 164 560 156
548 172 560 164
548 44 546 44
548 180 560 172
548 12 546 12
548 52 546 52
548 236 556 236
548 60 546 60
548 4 546 6
548 68 546 68
548 292 554 300
548 76 548 76
548 308 552 314
548 316 552 320
548 20 546 20
548 324 554 332
548 332 554 340
548 84 548 84
548 340 554 348
548 348 554 356
548 356 554 364
548 364 554 372
548 372 554 380
548 396 546 396
548 404 546 404
548 412 546 412
548 420 546 420
548 428 546 428
548 28 546 28
548 124 558 118
556 140 568 136
556 36 554 36
556 156 568 148
556 164 568 156
556 172 568 164
556 44 554 44
556 180 566 176
556 188 566 184
556 12 554 12
556 196 566 192
556 204 566 200
556 52 554 52
556 212 566 210
556 228 564 226
556 60 554 60
556 4 554 4
556 260 558 260
556 268 558 268
556 68 554 68
556 276 558 276
556 76 554 76
556 308 562 316
556 316 562 324
556 20 556 20
556 324 562 332
556 332 562 340
556 84 554 84
556 340 562 350
556 348 562 356
556 356 562 364
556 364 562 372
556 92 556 92
556 372 564 378
556 396 554 396
556 404 554 404
556 412 554 412
556 420 554 420
556 428 554 428
556 28 554 28
140 132 138 132
140 140 138 140
140 36 138 36
140 148 138 148
140 156 138 156
140 164 138 164
140 172 138 172
140 44 138 44
140 180 138 180
140 188 138 188
140 12 138 12
140 196 138 196
140 204 138 204
140 52 138 52
140 212 138 212
140 220 138 220
140 228 138 228
140 236 138 236
140 60 138 60
140 244 138 244
140 252 138 252
140 4 138 4
140 260 136 260
140 268 138 268
140 68 138 68
140 276 138 276
140 284 140 284
140 292 138 292
140 300 138 300
140 76 138 76
140 308 138 308
140 316 138 316
140 20 138 22
140 324 138 324
140 332 138 332
140 84 138 84
140 340 138 340
140 348 140 348
140 356 138 356
140 364 140 364
140 92 138 92
140 372 138 372
140 380 138 380
140 388 138 388
140 396 138 396
140 100 138 100
140 404 140 404
140 412 140 412
140 420 138 420
140 428 138 426
140 108 138 108
140 28 138 30
140 116 138 116
140 124 138 124
564 132 574 128
564 140 576 134
564 36 562 36
564 148 576 142
564 156 576 148
564 44 562 44
564 180 574 174
564 188 574 184
564 12 562 12
564 196 574 192
564 204 574 200
564 52 562 52
564 212 574 208
564 60 562 60
564 244 564 246
564 252 562 252
564 4 562 4
564 260 562 260
564 268 562 268
564 68 562 68
564 276 562 276
564 284 562 284
564 292 562 292
564 300 564 302
564 76 562 76
564 316 570 324
564 20 564 20
564 324 570 332
564 332 570 340
564 84 562 84
564 340 570 350
564 348 570 358
564 356 572 364
564 364 570 374
564 92 562 92
564 372 570 382
564 380 570 388
564 100 564 100
564 404 562 404
564 412 562 412
564 420 562 420
564 428 562 428
564 28 562 28
572 36 570 36
572 172 582 166
572 44 570 44
572 180 582 176
572 188 582 184
572 12 570 12
572 196 582 192
572 204 582 200
572 52 570 52
572 236 572 236
572 60 570 60
572 244 570 244
572 252 570 252
572 4 570 4
572 260 570 260
572 268 570 268
572 68 570 68
572 276 570 276
572 284 570 284
572 292 570 292
572 300 572 300
572 76 570 76
572 308 572 308
572 20 570 20
572 324 578 332
572 332 578 340
572 84 572 84
572 340 580 348
572 348 580 356
572 356 580 364
572 364 580 372
572 92 570 92
572 372 580 380
572 380 578 388
572 100 570 100
572 404 570 404
572 412 570 412
572 420 572 420
572 428 570 428
572 108 572 108
572 28 572 28
36 132 30 134
36 36 34 36
36 148 30 150
36 156 30 156
36 164 30 164
36 172 30 172
36 44 34 44
36 180 30 180
36 188 30 188
36 12 34 12
36 196 30 196
36 204 30 204
36 52 34 52
36 212 30 214
36 220 30 222
36 228 32 226
36 236 30 236
36 60 34 60
36 244 30 244
36 252 34 252
36 4 34 4
36 260 34 260
36 268 34 268
36 68 34 68
36 276 34 276
36 284 34 284
36 292 34 292
36 300 34 300
36 76 34 76
36 308 34 308
36 316 34 316
36 20 34 22
36 324 34 324
36 332 34 332
36 84 34 84
36 340 34 340
36 348 34 348
36 356 34 356
36 364 34 364
36 372 34 372
36 380 34 380
36 388 34 388
36 396 34 396
36 100 30 100
36 404 34 404
36 412 34 412
36 420 36 420
36 428 38 426
36 108 32 106
36 28 34 30
36 116 30 116
580 140 586 138
580 36 578 36
580 172 588 166
580 44 578 44
580 188 594 186
580 12 578 12
580 52 578 52
580 212 580 218
580 236 578 236
580 60 578 60
580 244 578 244
580 252 578 252
580 4 578 4
580 260 578 260
580 268 578 268
580 68 578 68
580 276 578 276
580 284 578 284
580 292 578 292
580 300 578 300
580 76 578 76
580 308 580 310
580 316 578 316
580 20 578 20
580 324 580 326
580 332 586 340
580 84 578 84
580 340 588 348
580 348 586 356
580 356 588 364
580 364 588 372
580 92 578 92
580 372 586 380
580 380 590 390
580 388 590 398
580 100 578 100
580 404 576 406
580 412 578 412
580 420 578 420
580 428 578 428
580 108 580 108
580 28 578 28
580 116 580 114
580 124 582 122
588 132 590 130
588 36 586 34
588 44 586 46
588 12 586 12
588 204 590 210
588 52 586 52
588 220 588 222
588 228 586 228
588 236 586 236
588 60 586 60
588 244 586 244
588 252 586 252
588 4 586 4
588 260 586 260
588 268 586 268
588 68 586 68
588 276 586 276
588 284 586 284
588 292 586 292
588 300 586 300
588 308 586 308
588 316 588 316
588 20 588 20
588 324 588 324
588 332 588 332
588 340 594 348
588 348 594 356
588 356 598 366
588 364 596 374
588 380 594 388
588 404 584 406
588 412 586 412
588 420 586 420
588 428 586 428
588 28 586 28
588 116 586 118
588 124 588 124
148 132 146 132
148 140 146 140
148 36 146 36
148 148 146 148
148 156 146 156
148 164 146 164
148 172 146 172
148 44 146 44
148 180 146 180
148 188 146 188
148 12 146 12
148 196 146 196
148 204 146 204
148 52 146 52
148 212 146 212
148 220 146 220
148 228 146 228
148 236 146 236
148 60 146 60
148 244 146 244
148 252 146 252
148 4 146 4
148 260 146 260
148 268 146 268
148 68 146 68
148 276 146 276
148 284 146 284
148 292 146 292
148 300 146 300
148 76 146 76
148 308 146 308
148 316 146 316
148 20 146 20
148 324 146 324
148 332 146 332
148 84 146 84
148 340 146 340
148 348 148 348
148 356 146 356
148 364 146 364
148 92 146 92
148 372 146 372
148 380 146 380
148 388 146 388
148 396 146 396
148 100 146 100
148 404 146 404
148 412 150 412
148 420 146 420
148 428 146 428
148 108 146 108
148 28 146 28
148 116 146 116
148 124 146 124
596 132 594 132
596 140 596 140
596 36 594 36
596 148 596 148
596 156 596 156
596 164 596 162
596 44 594 42
596 12 594 12
596 52 594 50
596 212 594 212
596 220 594 220
596 228 594 226
596 236 594 236
596 60 594 60
596 244 594 244
596 252 594 252
596 4 594 4
596 260 594 260
596 268 594 268
596 68 594 68
596 276 594 276
596 284 594 284
596 292 594 292
596 300 594 300
596 76 594 78
596 308 594 308
596 316 594 316
596 20 594 20
596 324 594 324
596 332 596 332
596 84 594 86
596 348 602 356
596 356 604 364
596 364 606 372
596 92 594 90
596 372 606 380
596 380 606 390
596 100 594 98
596 412 594 412
596 420 594 420
596 428 594 428
596 108 594 108
596 28 594 28
596 116 594 116
596 124 594 124
604 132 602 132
604 140 602 142
604 164 602 170
604 44 604 44
604 180 602 180
604 188 602 188
604 12 602 12
604 196 602 196
604 204 602 204
604 52 602 52
604 212 602 212
604 220 602 220
604 228 602 228
604 236 602 236
604 60 602 60
604 244 602 244
604 252 602 252
604 4 602 4
604 300 602 300
604 308 602 308
604 316 602 316
604 20 602 20
604 324 602 324
604 332 602 332
604 84 600 84
604 340 604 346
604 348 610 356
604 356 612 364
604 364 614 372
604 380 614 390
604 100 600 100
604 404 602 410
604 428 602 428
604 108 606 108
604 28 602 28
604 116 604 116
604 124 604 124
612 132 610 132
612 140 610 140
612 44 610 44
612 180 610 180
612 12 610 12
612 52 612 52
612 60 612 60
612 4 610 4
612 268 610 266
612 292 610 286
612 300 610 298
612 76 606 78
612 308 610 308
612 316 610 316
612 20 612 20
612 324 610 324
612 332 610 332
612 84 608 86
612 340 612 346
612 356 622 366
612 364 622 372
612 92 610 92
612 372 620 380
612 380 620 390
612 100 610 100
612 428 612 428
612 108 612 108
612 28 610 28
612 116 610 116
612 124 610 124
620 132 618 132
620 140 618 140
620 36 616 36
620 148 618 150
620 156 618 160
620 180 618 178
620 12 618 12
620 52 620 52
620 60 620 60
620 252 618 238
620 4 618 4
620 292 618 286
620 300 618 294
620 76 618 76
620 308 618 310
620 316 618 316
620 20 618 20
620 324 618 324
620 332 618 332
620 84 618 84
620 348 620 354
620 356 626 364
620 364 628 372
620 92 618 92
620 372 626 380
620 380 628 390
620 388 628 396
620 396 626 404
620 100 618 100
620 412 620 418
620 428 618 426
620 108 618 108
620 28 618 28
620 116 618 116
620 124 618 124
156 132 154 132
156 140 154 140
156 36 154 36
156 148 154 148
156 156 154 156
156 164 154 164
156 172 154 172
156 44 154 44
156 180 154 180
156 188 154 188
156 12 154 12
156 196 154 196
156 204 154 204
156 52 154 52
156 212 154 212
156 220 154 220
156 228 154 228
156 236 154 236
156 60 154 60
156 244 154 244
156 252 154 252
156 4 154 4
156 260 154 260
156 268 154 268
156 68 154 68
156 276 154 276
156 284 154 284
156 292 154 292
156 300 154 300
156 76 154 76
156 308 154 308
156 316 154 316
156 20 154 20
156 324 156 324
156 332 154 332
156 84 154 84
156 340 154 340
156 348 156 348
156 356 154 356
156 364 154 364
156 92 154 92
156 372 156 372
156 380 154 380
156 388 154 388
156 396 154 396
156 100 154 100
156 404 154 404
156 412 156 412
156 420 156 420
156 428 154 428
156 108 154 108
156 28 154 28
156 116 154 116
156 124 152 124
628 132 626 132
628 140 626 140
628 36 626 36
628 148 626 146
628 156 626 158
628 12 628 12
628 196 626 190
628 204 626 202
628 52 626 52
628 60 626 60
628 4 626 4
628 68 626 68
628 76 626 78
628 316 628 318
628 20 626 20
628 324 626 324
628 332 626 330
628 84 626 84
628 340 626 340
628 356 634 364
628 364 634 372
628 92 628 94
628 372 634 380
628 380 634 390
628 388 634 396
628 396 634 404
628 100 628 100
628 404 634 412
628 412 628 418
628 428 628 430
628 108 626 110
628 28 626 28
628 116 626 116
628 124 626 126
636 132 634 132
636 140 634 138
636 36 634 36
636 44 634 44
636 188 634 186
636 12 634 12
636 196 634 194
636 204 634 202
636 52 634 52
636 212 634 210
636 220 634 220
636 228 634 226
636 236 634 236
636 60 636 60
636 244 634 244
636 252 634 252
636 4 634 4
636 260 634 260
636 268 634 268
636 68 634 68
636 276 634 276
636 284 634 284
636 292 634 292
636 300 634 300
636 76 634 76
636 316 634 316
636 20 634 20
636 324 634 324
636 332 634 332
636 84 634 86
636 340 634 342
636 348 634 348
636 364 646 374
636 92 634 90
636 372 642 380
636 380 642 388
636 388 640 396
636 396 642 404
636 100 634 100
636 404 640 412
636 412 638 418
636 428 634 428
636 108 634 108
636 28 634 28
636 116 634 116
636 124 634 122
644 132 642 130
644 140 642 140
644 36 642 36
644 148 642 148
644 44 642 44
644 180 642 180
644 188 642 188
644 12 642 12
644 196 644 196
644 204 642 204
644 52 642 52
644 212 642 214
644 220 642 220
644 228 642 228
644 60 642 60
644 244 642 238
644 252 642 252
644 4 642 4
644 260 642 260
644 268 642 266
644 68 642 68
644 276 642 274
644 284 642 280
644 76 642 76
644 316 642 314
644 20 642 20
644 324 642 324
644 332 642 332
644 84 642 86
644 340 642 342
644 348 642 348
644 356 640 360
644 92 642 94
644 372 650 380
644 380 648 388
644 396 648 402
644 100 642 98
644 404 648 412
644 412 648 418
644 428 642 428
644 108 642 108
644 28 642 28
644 116 642 116
644 124 642 124
652 132 650 130
652 140 650 140
652 36 650 36
652 148 650 148
652 156 650 156
652 164 650 164
652 172 652 172
652 44 648 44
652 180 652 180
652 188 652 188
652 12 650 12
652 196 652 196
652 204 652 204
652 52 650 52
652 212 650 210
652 220 650 218
652 228 650 226
652 236 650 234
652 60 650 60
652 244 650 242
652 252 650 252
652 4 650 4
652 260 650 260
652 268 650 270
652 68 650 68
652 276 650 276
652 284 650 282
652 292 650 294
652 300 650 298
652 76 650 76
652 316 650 316
652 20 650 20
652 324 650 322
652 332 650 332
652 340 650 340
652 348 650 348
652 356 650 356
652 92 650 94
652 372 658 380
652 380 658 388
652 388 658 398
652 396 656 402
652 404 656 412
652 428 650 428
652 108 650 110
652 28 650 28
652 116 650 116
652 124 650 124
164 132 162 132
164 140 162 140
164 36 162 36
164 148 162 148
164 156 162 156
164 164 162 164
164 172 162 172
164 44 162 44
164 180 162 180
164 188 162 188
164 12 162 12
164 196 162 196
164 204 162 204
164 52 162 52
164 212 162 212
164 220 162 220
164 228 162 228
164 236 162 236
164 60 162 60
164 244 162 244
164 252 162 252
164 4 162 4
164 260 162 260
164 268 162 268
164 68 162 68
164 276 162 276
164 284 162 284
164 292 162 292
164 300 162 300
164 76 162 76
164 308 162 308
164 316 162 316
164 20 162 20
164 324 162 324
164 332 162 332
164 84 162 84
164 340 162 340
164 348 162 348
164 356 162 356
164 364 162 364
164 92 162 92
164 372 162 372
164 380 162 380
164 388 162 388
164 396 162 396
164 100 162 100
164 404 162 404
164 412 162 412
164 420 162 420
164 428 162 428
164 108 162 108
164 28 162 28
164 116 162 116
164 124 162 124
660 132 658 132
660 140 660 140
660 36 658 36
660 148 658 148
660 156 658 156
660 164 658 164
660 172 658 172
660 44 656 44
660 180 660 180
660 188 660 188
660 12 658 12
660 196 660 196
660 204 660 204
660 52 658 52
660 212 658 212
660 220 658 220
660 228 658 226
660 236 658 236
660 60 658 60
660 244 658 244
660 252 658 252
660 4 658 4
660 260 658 260
660 268 658 268
660 68 658 68
660 276 658 276
660 284 658 284
660 292 658 292
660 300 658 298
660 76 658 76
660 308 658 306
660 316 658 316
660 20 660 20
660 324 658 324
660 332 658 332
660 84 658 84
660 340 660 340
660 348 660 348
660 356 658 356
660 92 660 92
660 372 664 380
660 380 666 388
660 388 666 398
660 396 664 406
660 100 658 100
660 404 664 414
660 412 664 420
660 428 658 428
660 108 658 108
660 28 658 28
660 116 658 116
660 124 658 124
668 132 666 132
668 140 666 140
668 36 666 36
668 148 666 148
668 156 666 156
668 164 666 164
668 172 668 172
668 44 664 44
668 180 668 180
668 188 666 190
668 12 666 12
668 196 668 196
668 204 668 204
668 52 666 52
668 212 666 212
668 220 666 220
668 228 666 228
668 236 666 236
668 60 666 60
668 244 668 244
668 252 668 252
668 4 666 4
668 260 666 260
668 268 666 268
668 68 666 68
668 276 666 276
668 284 666 286
668 292 666 292
668 300 666 300
668 76 666 76
668 308 666 308
668 316 666 316
668 20 666 20
668 324 666 324
668 332 666 332
668 84 666 84
668 340 666 340
668 348 668 348
668 356 666 356
668 92 668 92
668 372 672 380
668 380 672 390
668 388 672 400
668 396 672 408
668 100 666 100
668 404 672 416
668 108 666 108
668 28 666 28
668 116 666 116
668 124 666 124
676 132 674 132
676 140 674 140
676 36 674 36
676 148 674 148
676 156 674 156
676 164 674 164
676 172 676 172
676 44 674 44
676 180 676 180
676 188 676 188
676 12 674 12
676 196 676 196
676 204 676 204
676 52 674 52
676 212 674 212
676 220 674 220
676 228 674 228
676 236 674 236
676 60 674 60
676 244 674 244
676 252 676 252
676 4 674 4
676 260 674 260
676 268 674 268
676 68 674 68
676 276 674 276
676 284 674 284
676 292 674 292
676 300 674 300
676 76 674 76
676 308 674 308
676 316 674 316
676 20 674 20
676 324 676 324
676 332 674 332
676 84 674 84
676 340 674 340
676 348 676 348
676 92 674 92
676 380 678 392
676 100 674 100
676 108 674 108
676 28 674 28
676 116 674 116
676 124 674 124
684 132 682 132
684 140 682 140
684 36 682 36
684 148 682 148
684 156 682 156
684 164 682 164
684 172 682 172
684 44 680 44
684 180 682 180
684 188 682 188
684 12 682 12
684 196 682 196
684 204 684 204
684 212 682 212
684 220 682 220
684 228 682 228
684 236 684 236
684 60 682 60
684 244 682 244
684 252 684 252
684 4 682 4
684 260 684 260
684 268 682 268
684 68 682 68
684 276 682 276
684 284 682 284
684 292 682 292
684 300 682 300
684 76 682 76
684 308 682 308
684 316 682 316
684 20 682 20
684 324 684 324
684 332 682 332
684 84 682 84
684 340 682 340
684 348 682 348
684 356 686 366
684 364 686 376
684 92 682 92
684 372 686 384
684 380 686 392
684 388 686 400
684 396 686 408
684 100 682 100
684 404 686 416
684 420 684 428
684 108 682 108
684 28 682 28
684 116 682 116
684 124 682 124
172 132 170 132
172 140 170 140
172 36 170 36
172 148 170 148
172 156 170 156
172 164 170 164
172 172 170 172
172 44 170 44
172 180 170 180
172 188 170 188
172 12 170 12
172 196 170 196
172 204 170 204
172 52 170 52
172 212 170 212
172 220 170 220
172 228 170 228
172 236 170 236
172 60 170 60
172 244 170 244
172 252 170 252
172 4 170 4
172 260 170 260
172 268 170 268
172 68 170 68
172 276 170 276
172 284 170 284
172 292 170 292
172 300 170 300
172 76 170 76
172 308 170 308
172 316 170 316
172 20 170 20
172 324 172 324
172 332 172 332
172 84 170 84
172 340 170 340
172 348 170 348
172 356 170 356
172 364 170 364
172 92 170 92
172 372 170 372
172 380 170 382
172 388 170 390
172 396 170 398
172 100 170 100
172 404 170 404
172 412 170 412
172 420 170 420
172 428 170 428
172 108 170 108
172 28 170 28
172 116 170 116
172 124 170 124
692 132 690 132
692 140 690 140
692 36 690 36
692 148 690 148
692 156 690 156
692 164 690 164
692 172 690 172
692 44 688 44
692 180 690 180
692 188 690 188
692 12 690 12
692 196 690 196
692 204 690 204
692 52 690 52
692 212 690 212
692 220 690 220
692 228 690 228
692 236 692 236
692 60 690 60
692 244 690 244
692 252 692 252
692 4 690 4
692 260 690 260
692 268 690 268
692 68 690 68
692 276 690 276
692 284 690 284
692 292 690 292
692 300 690 300
692 76 692 76
692 308 690 308
692 316 690 316
692 20 690 20
692 324 690 324
692 332 690 332
692 84 692 84
692 340 692 340
692 356 694 368
692 364 694 376
692 92 692 92
692 372 694 386
692 388 694 400
692 396 694 408
692 100 690 100
692 404 694 416
692 420 694 430
692 108 690 108
692 28 690 28
692 116 690 116
692 124 690 124
700 132 698 132
700 140 698 140
700 36 698 36
700 148 698 148
700 156 698 156
700 164 698 164
700 172 698 172
700 44 698 44
700 180 698 180
700 188 698 188
700 12 698 12
700 196 698 196
700 204 698 204
700 52 698 52
700 212 698 212
700 220 698 220
700 228 698 228
700 236 700 236
700 60 698 60
700 244 700 244
700 252 700 252
700 4 698 4
700 260 700 260
700 268 698 268
700 68 698 68
700 276 698 276
700 284 698 284
700 292 700 292
700 300 698 300
700 76 698 76
700 308 698 308
700 316 698 316
700 20 698 20
700 324 698 324
700 332 698 332
700 84 700 84
700 340 698 340
700 356 702 366
700 92 698 92
700 372 700 382
700 380 700 392
700 388 700 400
700 396 702 408
700 100 696 100
700 404 702 416
700 420 700 432
700 108 698 108
700 28 698 28
700 116 698 118
700 124 698 124
44 132 40 130
44 140 38 140
44 36 42 36
44 148 38 148
44 164 38 164
44 172 38 172
44 44 42 44
44 180 38 180
44 188 38 188
44 12 42 12
44 196 38 196
44 204 38 204
44 52 42 52
44 212 38 212
44 220 38 220
44 236 40 236
44 60 42 60
44 244 42 244
44 252 42 252
44 4 42 4
44 260 42 260
44 268 42 268
44 68 42 68
44 276 42 276
44 284 42 284
44 292 42 292
44 300 42 300
44 76 42 76
44 308 42 308
44 316 42 316
44 20 42 20
44 324 42 324
44 332 42 332
44 84 40 84
44 340 42 340
44 348 42 348
44 356 42 356
44 364 42 364
44 92 38 92
44 372 42 372
44 380 42 380
44 388 42 388
44 396 42 396
44 100 38 100
44 404 42 404
44 412 42 412
44 420 42 420
44 428 42 428
44 28 42 28
44 116 38 118
44 124 38 124
708 132 706 132
708 140 706 140
708 36 706 36
708 148 706 148
708 156 706 156
708 164 706 164
708 172 706 172
708 44 706 44
708 180 706 180
708 188 706 188
708 12 706 12
708 196 706 196
708 204 706 204
708 212 706 212
708 220 706 220
708 228 706 228
708 236 706 236
708 60 706 60
708 244 706 244
708 252 706 252
708 4 706 4
708 260 708 260
708 268 706 268
708 68 706 68
708 276 708 276
708 284 706 284
708 292 706 292
708 300 706 300
708 76 706 76
708 308 706 308
708 316 706 316
708 20 706 20
708 324 706 324
708 332 706 332
708 84 706 84
708 348 712 358
708 356 710 368
708 364 708 380
708 92 708 92
708 372 708 386
708 380 708 394
708 388 710 402
708 396 708 408
708 100 706 100
708 412 708 422
708 108 706 108
708 28 706 28
708 116 706 116
708 124 706 124
716 132 714 132
716 140 714 140
716 36 714 36
716 148 714 148
716 156 714 156
716 164 714 164
716 172 714 172
716 44 714 44
716 180 714 180
716 188 714 188
716 12 714 12
716 196 714 196
716 204 714 204
716 52 714 52
716 212 714 212
716 220 714 220
716 228 714 228
716 236 714 236
716 60 716 60
716 244 714 244
716 252 714 252
716 4 714 4
716 260 714 260
716 268 714 268
716 68 716 68
716 276 716 276
716 284 714 284
716 292 716 292
716 300 716 300
716 76 714 76
716 308 714 308
716 316 714 316
716 20 714 20
716 324 714 324
716 332 714 332
716 84 714 84
716 348 718 360
716 356 718 370
716 364 716 376
716 92 714 92
716 372 716 386
716 380 716 394
716 388 716 400
716 396 716 408
716 100 714 100
716 404 714 416
716 428 716 428
716 108 714 108
716 28 714 28
716 116 714 116
716 124 714 124
180 132 178 132
180 140 178 140
180 36 178 36
180 148 178 148
180 156 178 156
180 164 178 164
180 172 178 172
180 44 178 44
180 180 178 180
180 188 178 188
180 12 178 12
180 196 178 196
180 204 178 204
180 52 178 52
180 212 178 212
180 220 178 220
180 228 178 228
180 236 178 236
180 60 178 60
180 244 178 244
180 252 178 252
180 4 178 4
180 260 178 260
180 268 178 268
180 68 178 68
180 276 178 276
180 284 178 284
180 292 178 292
180 300 178 300
180 76 178 76
180 308 178 308
180 316 178 316
180 20 178 20
180 324 178 324
180 332 178 332
180 84 178 84
180 340 178 340
180 348 178 348
180 356 178 356
180 364 178 364
180 92 178 92
180 372 178 372
180 380 178 382
180 388 178 388
180 396 178 398
180 100 178 100
180 404 178 404
180 412 178 412
180 420 178 420
180 428 178 428
180 108 178 108
180 28 178 28
180 116 178 116
180 124 178 124
724 132 722 132
724 140 724 140
724 36 722 36
724 148 722 148
724 156 722 156
724 164 722 164
724 172 722 172
724 44 722 44
724 180 722 180
724 188 722 188
724 12 722 12
724 196 722 196
724 204 722 204
724 52 720 52
724 212 722 212
724 220 722 220
724 228 722 228
724 236 722 236
724 60 722 60
724 244 724 244
724 252 724 252
724 4 724 4
724 260 722 260
724 268 726 268
724 68 722 68
724 276 724 276
724 284 724 284
724 292 722 292
724 300 722 300
724 76 724 76
724 308 722 308
724 316 724 316
724 20 722 20
724 324 722 324
724 332 722 332
724 84 722 84
724 348 726 360
724 356 724 370
724 364 724 378
724 92 722 92
724 372 724 386
724 380 724 394
724 388 724 402
724 396 724 408
724 100 722 100
724 428 726 428
724 108 722 108
724 28 722 28
724 116 722 116
724 124 722 124
732 132 730 132
732 140 730 140
732 36 730 36
732 148 730 148
732 156 730 156
732 164 730 164
732 172 730 172
732 44 730 44
732 180 730 180
732 188 730 188
732 12 730 12
732 196 730 196
732 204 730 204
732 52 728 52
732 212 730 212
732 220 730 220
732 228 730 228
732 236 730 236
732 60 730 60
732 244 730 244
732 252 730 252
732 4 730 4
732 260 732 260
732 268 732 268
732 68 730 68
732 276 732 276
732 284 730 284
732 292 730 292
732 300 730 300
732 76 730 76
732 308 730 308
732 316 730 316
732 20 730 20
732 324 730 324
732 84 732 84
732 340 732 352
732 348 732 362
732 356 732 370
732 364 732 378
732 92 730 92
732 372 732 388
732 380 732 394
732 388 732 402
732 396 732 408
732 100 730 100
732 428 734 428
732 108 728 108
732 28 730 28
732 116 730 116
732 124 730 124
740 132 738 132
740 140 738 140
740 36 738 36
740 148 738 148
740 156 738 156
740 164 738 164
740 172 738 172
740 44 738 44
740 180 738 180
740 188 738 188
740 12 738 12
740 196 738 196
740 204 738 204
740 212 738 212
740 220 738 220
740 228 738 228
740 236 738 236
740 60 738 60
740 244 738 244
740 252 738 252
740 4 738 4
740 260 738 260
740 268 738 268
740 68 738 68
740 276 740 276
740 284 738 284
740 292 738 292
740 300 738 300
740 76 738 76
740 308 738 308
740 316 738 316
740 20 738 20
740 324 738 324
740 84 738 84
740 340 742 354
740 348 740 364
740 356 738 372
740 364 740 380
740 92 738 92
740 372 740 388
740 380 740 394
740 388 740 402
740 100 738 100
740 428 738 428
740 108 736 108
740 28 738 28
740 116 738 116
740 124 738 124
748 132 746 132
748 140 746 140
748 36 746 36
748 148 746 148
748 156 746 156
748 164 746 164
748 172 746 172
748 44 746 44
748 180 746 180
748 188 746 188
748 12 746 12
748 196 746 196
748 204 746 204
748 52 746 52
748 212 746 212
748 220 746 220
748 228 746 228
748 236 746 236
748 60 746 60
748 244 746 244
748 252 746 252
748 4 746 4
748 260 746 260
748 268 746 268
748 68 746 68
748 276 746 276
748 284 746 284
748 292 746 292
748 300 746 300
748 76 746 76
748 308 746 308
748 316 746 316
748 20 746 20
748 324 748 324
748 84 746 84
748 340 748 354
748 348 748 366
748 356 748 374
748 364 748 382
748 92 746 92
748 372 748 388
748 380 748 394
748 100 746 100
748 420 750 420
748 428 746 428
748 108 744 108
748 28 746 28
748 116 746 116
748 124 746 124
188 132 186 132
188 140 186 140
188 36 186 36
188 148 186 148
188 156 186 156
188 164 186 164
188 172 186 172
188 44 186 44
188 180 186 180
188 188 186 188
188 12 186 12
188 196 186 196
188 204 186 204
188 52 186 52
188 212 186 212
188 220 186 220
188 228 186 228
188 236 186 236
188 60 186 60
188 244 186 244
188 252 186 252
188 4 186 4
188 260 186 260
188 268 186 268
188 68 186 68
188 276 186 276
188 284 186 284
188 292 186 292
188 300 186 300
188 76 186 76
188 308 186 308
188 316 186 316
188 20 186 20
188 324 186 324
188 332 186 332
188 84 186 84
188 340 186 340
188 348 186 348
188 356 186 356
188 364 186 364
188 92 186 92
188 372 186 374
188 380 186 382
188 388 186 388
188 396 186 396
188 100 186 100
188 404 188 404
188 412 186 412
188 420 186 420
188 428 186 428
188 108 186 108
188 28 186 28
188 116 186 116
188 124 184 124
756 132 754 132
756 140 754 140
756 36 754 36
756 148 756 148
756 156 754 156
756 164 754 164
756 172 754 172
756 44 754 44
756 180 754 180
756 188 754 188
756 12 754 12
756 196 754 196
756 204 754 204
756 52 754 52
756 212 754 212
756 220 754 220
756 228 754 228
756 236 756 236
756 60 754 60
756 244 754 244
756 252 754 252
756 4 754 4
756 260 754 260
756 268 754 268
756 68 754 68
756 276 754 276
756 284 754 284
756 292 754 292
756 300 754 300
756 76 754 76
756 308 754 308
756 316 754 316
756 20 754 20
756 84 754 84
756 340 756 356
756 348 756 364
756 356 754 374
756 92 756 92
756 100 754 100
756 412 754 412
756 420 754 420
756 428 756 428
756 108 752 108
756 28 756 28
756 116 754 116
756 124 754 124
764 132 762 132
764 140 762 140
764 36 762 36
764 148 762 148
764 156 762 156
764 164 762 164
764 172 762 172
764 44 762 44
764 180 762 180
764 188 762 188
764 12 762 12
764 196 762 196
764 204 762 204
764 52 762 52
764 212 762 212
764 220 762 220
764 228 762 228
764 236 762 236
764 60 762 60
764 244 762 244
764 252 762 252
764 4 762 4
764 260 762 260
764 268 762 268
764 68 762 68
764 276 762 276
764 284 762 284
764 292 762 292
764 300 762 300
764 76 762 76
764 308 762 308
764 316 762 316
764 20 762 20
764 332 764 348
764 84 762 84
764 340 764 358
764 348 762 366
764 92 762 92
764 100 762 100
764 404 762 404
764 412 762 412
764 420 764 420
764 428 764 428
764 108 760 108
764 28 762 28
764 116 762 116
764 124 762 124
12 132 10 132
12 140 8 138
12 36 10 36
12 148 8 146
12 172 6 172
12 44 10 44
12 180 6 180
12 188 6 188
12 12 10 12
12 196 6 196
12 204 6 204
12 52 10 52
12 212 6 212
12 220 6 220
12 228 6 228
12 60 10 60
12 244 8 244
12 252 6 254
12 4 10 4
12 260 6 262
12 268 6 268
12 68 10 68
12 276 8 274
12 284 10 284
12 292 10 292
12 300 10 300
12 76 10 76
12 308 10 308
12 316 10 316
12 20 10 20
12 324 10 324
12 332 10 332
12 84 12 82
12 340 10 340
12 348 10 348
12 356 10 356
12 364 10 364
12 92 6 92
12 372 10 372
12 380 10 380
12 388 10 388
12 396 10 396
12 100 6 100
12 404 10 404
12 412 10 412
12 420 12 420
12 428 10 428
12 108 6 108
12 28 10 28
12 116 6 116
12 124 10 124
772 132 770 132
772 140 770 140
772 36 770 36
772 148 770 148
772 156 770 156
772 164 770 164
772 172 770 172
772 44 770 44
772 180 770 180
772 188 770 188
772 12 770 12
772 196 770 196
772 204 770 204
772 52 770 52
772 212 770 212
772 220 770 220
772 228 770 228
772 236 770 236
772 60 770 60
772 244 770 244
772 252 770 252
772 4 770 4
772 260 770 260
772 268 770 268
772 68 770 68
772 276 770 276
772 284 770 284
772 292 770 292
772 300 772 300
772 76 770 76
772 308 770 308
772 316 770 316
772 20 770 20
772 332 772 350
772 84 770 84
772 340 772 358
772 348 770 366
772 92 770 92
772 396 770 398
772 100 770 100
772 404 770 404
772 412 770 412
772 420 772 420
772 428 772 428
772 28 770 28
772 116 770 116
772 124 770 124
780 132 778 132
780 140 778 140
780 36 778 36
780 148 778 148
780 156 778 156
780 164 778 164
780 172 780 172
780 44 778 44
780 180 778 180
780 188 778 188
780 12 778 12
780 196 778 196
780 204 778 204
780 52 780 52
780 212 778 212
780 220 778 220
780 228 778 228
780 236 778 236
780 60 780 60
780 244 778 244
780 252 778 252
780 4 778 4
780 260 778 260
780 268 778 268
780 68 778 68
780 276 778 276
780 284 778 284
780 292 778 292
780 300 778 300
780 76 778 76
780 308 778 308
780 20 780 20
780 332 780 352
780 84 778 84
780 348 778 368
780 92 778 92
780 388 782 390
780 396 778 396
780 100 778 100
780 404 778 406
780 412 778 412
780 420 778 420
780 428 778 428
780 108 774 108
780 28 778 28
780 116 778 116
780 124 778 124
196 132 194 132
196 140 194 140
196 36 194 36
196 148 194 148
196 156 194 156
196 164 194 164
196 172 194 172
196 44 194 44
196 180 194 180
196 188 194 188
196 12 194 12
196 196 194 196
196 204 194 204
196 52 196 52
196 212 194 212
196 220 194 220
196 228 194 228
196 236 194 236
196 60 194 60
196 244 194 244
196 252 194 252
196 4 194 4
196 260 194 260
196 268 194 268
196 68 194 68
196 276 194 276
196 284 194 284
196 292 194 296
196 300 194 304
196 76 194 76
196 308 194 312
196 20 194 20
196 324 194 324
196 332 194 332
196 84 194 84
196 340 194 340
196 348 194 348
196 356 194 356
196 364 194 364
196 92 194 92
196 372 194 372
196 380 194 380
196 388 194 390
196 396 194 396
196 100 194 100
196 404 194 404
196 412 194 412
196 420 194 420
196 428 194 428
196 108 194 108
196 28 194 28
196 116 194 116
196 124 194 124
788 132 788 132
788 140 786 140
788 36 786 36
788 148 786 148
788 156 786 156
788 164 786 164
788 172 786 172
788 44 786 44
788 180 786 180
788 188 786 188
788 12 786 12
788 196 786 196
788 204 788 204
788 52 786 52
788 212 786 212
788 220 786 220
788 228 786 228
788 236 786 236
788 60 786 60
788 244 786 244
788 252 786 252
788 4 786 4
788 260 786 260
788 268 786 268
788 68 786 68
788 276 788 276
788 284 786 284
788 292 786 292
788 300 786 300
788 76 786 76
788 308 784 306
788 20 786 20
788 324 788 342
788 332 786 352
788 84 786 84
788 340 786 360
788 348 788 368
788 92 786 92
788 388 786 390
788 396 786 396
788 100 786 100
788 404 786 404
788 412 786 412
788 420 786 420
788 428 786 428
788 108 782 108
788 28 786 28
788 116 786 116
788 124 786 124
796 132 794 132
796 140 794 140
796 36 794 36
796 148 794 148
796 156 794 156
796 164 794 164
796 172 794 172
796 44 796 44
796 180 794 180
796 188 794 188
796 12 794 12
796 196 794 196
796 204 796 204
796 52 794 52
796 212 794 212
796 220 794 220
796 228 794 228
796 236 794 236
796 60 794 60
796 244 794 244
796 252 796 252
796 4 794 4
796 260 794 260
796 268 794 268
796 68 794 68
796 276 794 276
796 284 796 284
796 292 796 292
796 300 794 300
796 76 792 76
796 316 796 336
796 20 794 20
796 324 796 344
796 332 794 354
796 84 794 84
796 340 794 360
796 92 794 92
796 388 796 388
796 396 794 396
796 100 794 100
796 404 794 404
796 412 794 412
796 420 794 420
796 428 794 428
796 108 794 108
796 28 794 28
796 116 794 116
796 124 794 124
804 132 802 132
804 140 802 140
804 36 802 36
804 148 802 148
804 156 802 156
804 164 802 164
804 172 802 172
804 44 802 44
804 180 802 180
804 188 802 188
804 12 802 12
804 196 802 196
804 204 802 204
804 52 802 52
804 212 802 212
804 220 802 220
804 228 802 228
804 236 802 236
804 60 802 62
804 244 802 244
804 252 802 252
804 4 802 4
804 268 802 268
804 68 802 68
804 276 802 276
804 284 802 284
804 292 804 292
804 300 802 300
804 76 802 76
804 316 804 336
804 20 802 20
804 324 804 346
804 332 804 354
804 84 802 84
804 340 804 362
804 92 802 92
804 388 802 388
804 396 802 396
804 100 802 100
804 404 802 404
804 412 802 412
804 420 802 420
804 428 802 428
804 108 800 108
804 28 802 28
804 116 802 116
804 124 802 124
812 132 810 132
812 140 812 140
812 36 810 36
812 148 810 148
812 156 810 156
812 164 810 164
812 172 810 172
812 44 812 44
812 180 810 180
812 188 810 188
812 12 810 12
812 204 810 204
812 52 812 52
812 212 810 212
812 220 810 220
812 228 810 228
812 236 810 236
812 60 812 60
812 244 810 244
812 252 810 252
812 4 810 4
812 260 810 260
812 268 810 268
812 68 810 68
812 276 810 276
812 284 812 284
812 292 812 292
812 300 810 300
812 76 810 76
812 316 812 336
812 20 810 20
812 324 814 346
812 332 812 354
812 84 810 84
812 340 812 362
812 92 810 92
812 388 810 388
812 396 810 396
812 100 812 100
812 404 812 404
812 412 810 412
812 420 810 420
812 428 812 428
812 28 810 28
812 116 808 116
812 124 810 124
204 132 202 132
204 140 202 140
204 36 202 36
204 148 202 148
204 156 202 156
204 164 202 164
204 172 202 172
204 44 202 44
204 180 202 180
204 188 202 188
204 12 202 12
204 196 202 198
204 204 202 204
204 52 202 52
204 212 202 212
204 220 202 220
204 228 202 228
204 236 202 236
204 60 202 60
204 244 202 244
204 252 202 252
204 4 202 4
204 260 202 260
204 268 202 268
204 68 202 68
204 276 202 276
204 284 202 284
204 300 202 304
204 76 202 76
204 20 202 20
204 324 202 324
204 332 202 332
204 84 202 84
204 340 202 340
204 348 202 348
204 356 202 356
204 364 202 366
204 92 202 92
204 372 202 372
204 380 202 380
204 388 202 390
204 396 202 396
204 100 202 100
204 404 202 404
204 412 202 412
204 420 202 420
204 428 202 428
204 108 202 108
204 28 202 28
204 116 202 116
204 124 202 124
820 132 818 132
820 140 818 140
820 36 820 36
820 148 818 148
820 156 818 156
820 164 818 164
820 172 818 172
820 44 820 44
820 180 818 180
820 188 818 188
820 12 818 12
820 196 818 196
820 204 818 204
820 52 816 54
820 212 818 212
820 220 818 220
820 228 818 228
820 236 818 236
820 60 818 62
820 244 818 244
820 252 818 252
820 4 818 4
820 260 818 260
820 268 818 268
820 68 820 68
820 276 818 276
820 284 818 284
820 292 818 292
820 300 818 300
820 76 818 76
820 316 818 336
820 20 818 20
820 324 822 346
820 332 820 354
820 84 818 84
820 340 820 362
820 92 818 92
820 388 818 388
820 396 818 396
820 100 818 100
820 404 818 404
820 412 820 412
820 420 818 420
820 428 818 428
820 108 818 108
820 28 818 28
820 116 818 116
820 124 818 124
828 132 826 132
828 140 826 140
828 36 828 36
828 148 826 148
828 156 826 156
828 164 826 164
828 172 826 172
828 44 824 46
828 180 826 180
828 188 826 188
828 12 826 12
828 196 826 196
828 204 826 204
828 52 824 54
828 212 826 212
828 220 826 220
828 228 826 228
828 236 828 236
828 60 828 60
828 244 828 244
828 252 826 252
828 4 826 4
828 260 826 260
828 268 826 268
828 68 828 68
828 276 826 276
828 284 826 284
828 292 826 292
828 76 826 76
828 308 828 326
828 316 828 336
828 20 826 20
828 324 828 346
828 332 828 354
828 84 826 84
828 340 828 362
828 348 828 370
828 92 826 92
828 388 824 388
828 396 826 396
828 100 826 100
828 404 826 404
828 412 826 412
828 420 826 420
828 428 826 428
828 108 826 108
828 28 826 28
828 116 824 116
828 124 826 124
52 140 48 140
52 36 50 36
52 148 46 148
52 156 46 156
52 164 46 166
52 172 46 172
52 44 50 44
52 180 46 180
52 188 46 188
52 12 50 12
52 196 48 194
52 204 46 204
52 52 50 52
52 212 48 210
52 220 48 220
52 228 50 228
52 236 50 236
52 60 50 60
52 244 50 244
52 252 50 252
52 4 50 4
52 260 50 260
52 268 50 268
52 68 50 68
52 276 50 276
52 284 50 284
52 292 50 292
52 300 50 300
52 76 50 76
52 308 50 308
52 316 50 316
52 20 50 20
52 324 50 324
52 332 50 332
52 84 50 84
52 340 50 340
52 348 50 348
52 356 50 356
52 364 50 364
52 92 46 92
52 372 50 372
52 380 50 380
52 388 50 388
52 396 50 396
52 100 46 100
52 404 50 404
52 412 50 412
52 420 50 420
52 428 50 428
52 108 46 106
52 28 50 28
52 116 46 114
52 124 46 124
836 132 834 132
836 140 834 140
836 36 836 36
836 148 834 148
836 156 834 156
836 164 834 164
836 172 834 172
836 44 836 42
836 180 834 180
836 188 834 188
836 12 834 12
836 196 834 196
836 204 834 204
836 52 834 52
836 212 834 212
836 220 836 220
836 228 836 228
836 236 836 236
836 60 836 60
836 244 834 244
836 252 834 252
836 4 834 4
836 260 834 260
836 268 834 268
836 68 836 68
836 276 834 276
836 284 834 284
836 292 834 292
836 76 836 76
836 308 834 328
836 316 834 336
836 20 834 20
836 324 836 344
836 332 836 352
836 84 834 84
836 340 836 362
836 348 836 370
836 92 834 92
836 396 834 396
836 100 834 100
836 404 834 404
836 412 834 412
836 420 834 420
836 428 834 428
836 108 834 108
836 28 836 28
836 116 832 116
836 124 834 124
844 132 842 132
844 140 842 140
844 36 842 36
844 148 842 148
844 156 842 156
844 164 842 164
844 172 842 172
844 44 842 44
844 180 842 180
844 188 842 188
844 12 842 12
844 196 842 196
844 204 842 204
844 52 842 52
844 212 842 212
844 220 842 220
844 228 842 228
844 236 842 236
844 60 844 60
844 244 842 244
844 252 842 252
844 4 842 4
844 260 844 260
844 268 842 268
844 68 842 68
844 276 844 276
844 284 842 284
844 300 842 320
844 76 842 76
844 308 842 328
844 316 844 338
844 20 842 20
844 324 844 344
844 332 844 352
844 84 842 84
844 340 844 362
844 348 844 370
844 92 842 92
844 396 842 396
844 100 844 100
844 404 842 404
844 412 842 412
844 420 842 420
844 428 842 428
844 108 842 108
844 28 842 28
844 116 840 116
844 124 842 124
212 132 210 132
212 140 210 140
212 36 210 36
212 148 210 148
212 156 210 156
212 164 210 164
212 172 210 172
212 44 210 44
212 180 210 180
212 188 210 190
212 12 210 12
212 196 210 198
212 204 210 204
212 52 210 52
212 212 210 212
212 220 210 220
212 228 210 228
212 236 210 236
212 60 210 60
212 244 210 244
212 252 210 252
212 4 210 4
212 260 210 260
212 268 210 268
212 68 210 68
212 276 210 276
212 284 210 284
212 292 210 292
212 300 210 300
212 76 210 76
212 308 210 308
212 316 210 316
212 20 210 20
212 324 210 324
212 332 210 332
212 84 210 84
212 340 210 340
212 348 210 348
212 356 210 356
212 364 210 364
212 92 210 92
212 372 210 370
212 380 210 380
212 388 210 388
212 396 210 396
212 100 210 100
212 404 210 404
212 412 210 412
212 420 210 420
212 428 210 428
212 108 210 108
212 28 210 28
212 116 210 116
212 124 210 124
852 132 850 132
852 140 850 140
852 36 850 34
852 148 850 148
852 156 850 156
852 164 850 164
852 172 850 172
852 44 852 44
852 180 850 180
852 188 850 188
852 12 850 12
852 196 850 196
852 204 852 204
852 52 852 52
852 212 850 212
852 220 850 220
852 228 850 228
852 236 850 236
852 60 850 60
852 244 850 244
852 252 850 252
852 4 850 6
852 260 850 260
852 268 850 268
852 68 850 68
852 276 850 276
852 292 852 310
852 300 852 320
852 76 848 76
852 308 852 328
852 316 854 336
852 20 850 20
852 324 850 344
852 332 852 352
852 84 850 84
852 340 854 362
852 348 852 370
852 92 850 92
852 396 850 396
852 100 850 100
852 404 850 404
852 412 850 412
852 420 850 420
852 428 850 428
852 108 850 108
852 28 850 26
852 116 850 116
852 124 850 124
860 132 858 132
860 140 858 140
860 36 858 36
860 148 858 148
860 156 858 156
860 164 858 164
860 172 858 172
860 44 858 44
860 180 858 180
860 188 858 188
860 12 858 12
860 196 858 196
860 204 858 204
860 52 858 50
860 212 858 212
860 220 858 220
860 228 858 228
860 236 858 236
860 60 858 60
860 244 858 244
860 252 858 252
860 4 858 4
860 68 858 68
860 276 860 296
860 284 860 304
860 292 860 314
860 300 860 322
860 76 858 76
860 308 860 330
860 316 860 336
860 20 858 20
860 324 858 344
860 332 860 354
860 84 858 84
860 340 862 362
860 348 860 370
860 356 860 378
860 92 858 92
860 100 858 100
860 404 860 404
860 412 858 412
860 420 860 420
860 428 858 428
860 108 858 108
860 28 858 28
860 116 858 116
860 124 858 124
868 132 866 132
868 140 866 140
868 36 866 36
868 148 866 148
868 156 866 156
868 164 866 164
868 172 866 170
868 44 866 44
868 180 866 180
868 188 866 188
868 12 866 12
868 196 866 196
868 204 866 204
868 52 866 52
868 212 866 212
868 220 866 220
868 228 866 228
868 236 866 236
868 60 866 60
868 252 866 272
868 4 866 4
868 260 868 280
868 268 868 288
868 68 866 68
868 276 868 298
868 284 868 306
868 292 868 314
868 300 868 322
868 76 866 76
868 308 868 328
868 316 868 336
868 20 866 20
868 324 868 344
868 332 868 354
868 84 866 84
868 340 868 362
868 348 870 370
868 356 870 380
868 92 866 92
868 100 866 100
868 404 866 404
868 412 866 412
868 420 866 420
868 428 868 428
868 108 866 108
868 28 866 28
868 116 864 116
876 140 874 140
876 36 874 36
876 148 874 148
876 156 874 156
876 164 874 164
876 172 874 172
876 44 874 44
876 180 874 180
876 188 874 188
876 12 874 12
876 196 874 196
876 204 874 204
876 52 874 52
876 212 874 212
876 220 874 220
876 228 874 228
876 60 874 60
876 252 876 272
876 4 874 4
876 260 876 280
876 268 876 290
876 68 874 68
876 276 876 298
876 284 878 304
876 292 876 314
876 300 876 322
876 76 874 76
876 308 876 330
876 316 876 338
876 20 874 20
876 324 876 344
876 332 876 354
876 84 874 84
876 340 876 362
876 348 878 370
876 356 878 380
876 92 874 92
876 100 874 100
876 404 874 404
876 412 874 412
876 420 876 420
876 428 874 428
876 108 874 108
876 28 876 28
876 116 872 116
876 124 870 124
220 132 218 132
220 140 218 140
220 36 218 36
220 148 218 148
220 156 218 156
220 164 218 164
220 172 218 172
220 44 218 44
220 180 218 180
220 188 218 188
220 12 218 12
220 196 218 196
220 204 218 204
220 52 218 52
220 212 218 212
220 220 218 220
220 228 218 228
220 236 218 236
220 60 218 60
220 244 218 244
220 252 218 254
220 4 218 4
220 260 218 260
220 268 218 268
220 68 218 68
220 276 218 276
220 284 218 284
220 292 218 290
220 300 218 300
220 76 218 76
220 308 218 308
220 316 218 316
220 20 218 20
220 324 218 324
220 332 218 332
220 84 218 84
220 340 218 340
220 348 218 348
220 356 218 356
220 364 218 364
220 92 218 92
220 372 218 372
220 380 218 378
220 388 218 388
220 396 218 396
220 100 218 100
220 404 218 404
220 412 218 412
220 420 218 420
220 428 218 428
220 108 218 108
220 28 218 28
220 116 218 116
220 124 218 124
884 132 878 132
884 36 882 36
884 148 882 148
884 156 882 156
884 164 882 164
884 172 882 172
884 44 882 44
884 180 882 180
884 188 882 188
884 12 882 12
884 196 882 196
884 204 882 204
884 52 882 52
884 212 882 212
884 220 882 220
884 228 882 228
884 60 882 60
884 244 882 264
884 252 884 272
884 4 882 4
884 260 884 282
884 268 884 290
884 68 882 68
884 276 884 298
884 284 884 306
884 292 884 314
884 300 884 322
884 76 882 76
884 308 884 332
884 316 886 338
884 20 882 20
884 324 884 346
884 332 886 354
884 84 882 84
884 340 886 362
884 348 886 370
884 356 886 380
884 364 886 388
884 92 882 92
884 100 882 100
884 404 882 404
884 412 882 412
884 420 882 420
884 428 882 428
884 108 882 108
884 28 882 28
884 116 882 116
884 124 878 124
892 132 890 132
892 140 886 140
892 36 890 36
892 148 890 148
892 156 890 156
892 164 890 164
892 172 890 172
892 44 890 44
892 180 890 180
892 188 890 188
892 12 890 12
892 196 890 196
892 204 890 204
892 52 890 52
892 212 890 212
892 220 892 220
892 228 892 228
892 60 892 60
892 244 892 264
892 252 892 272
892 4 892 4
892 260 892 282
892 268 892 290
892 68 890 68
892 276 892 298
892 284 892 306
892 292 894 314
892 300 892 324
892 76 890 76
892 308 892 332
892 316 892 338
892 20 890 20
892 324 892 348
892 332 896 352
892 84 890 84
892 340 894 362
892 348 892 372
892 356 894 380
892 364 892 388
892 92 890 92
892 100 890 100
892 412 890 412
892 420 890 420
892 428 892 428
892 108 890 108
892 28 890 28
892 116 888 116
892 124 886 124
900 132 898 132
900 140 898 140
900 36 898 36
900 148 900 148
900 156 898 156
900 164 898 164
900 172 900 172
900 44 900 44
900 180 898 180
900 188 898 188
900 12 898 12
900 196 900 196
900 204 898 204
900 52 900 52
900 212 898 212
900 220 898 220
900 228 898 228
900 60 900 60
900 244 900 264
900 252 900 274
900 4 898 4
900 260 900 282
900 268 900 290
900 68 898 68
900 276 900 298
900 284 900 306
900 292 900 316
900 300 902 322
900 76 898 76
900 308 900 330
900 316 902 340
900 20 898 20
900 324 900 346
900 332 904 352
900 84 896 84
900 340 902 362
900 348 902 372
900 356 900 380
900 92 898 92
900 100 898 100
900 404 898 406
900 412 898 412
900 420 898 420
900 428 898 428
900 108 898 108
900 28 898 28
900 116 896 116
908 132 904 132
908 140 906 140
908 36 906 36
908 148 906 148
908 156 906 156
908 164 906 164
908 172 906 172
908 44 906 44
908 180 906 180
908 188 906 188
908 12 906 12
908 196 906 196
908 204 906 204
908 52 908 52
908 212 906 212
908 220 906 220
908 60 906 60
908 244 908 264
908 252 910 272
908 4 906 4
908 260 906 282
908 268 908 290
908 68 906 68
908 276 908 298
908 284 908 306
908 292 908 316
908 300 910 322
908 76 906 76
908 308 910 330
908 316 910 338
908 20 906 20
908 324 910 344
908 84 906 84
908 340 908 364
908 348 910 372
908 356 908 380
908 92 906 92
908 396 908 398
908 100 906 100
908 404 906 404
908 412 906 412
908 420 906 420
908 428 906 428
908 108 906 108
908 28 906 28
908 116 904 116
908 124 902 124
228 132 226 132
228 140 226 140
228 36 226 36
228 148 226 148
228 156 226 156
228 164 226 164
228 172 226 172
228 44 226 44
228 180 226 180
228 188 226 188
228 12 226 12
228 196 226 196
228 204 226 204
228 52 226 52
228 212 226 212
228 220 226 220
228 228 226 228
228 236 226 236
228 60 226 60
228 244 226 244
228 252 226 252
228 4 226 4
228 260 226 260
228 268 226 268
228 68 226 68
228 276 226 276
228 284 226 284
228 292 226 292
228 300 226 300
228 76 226 76
228 308 226 308
228 316 226 318
228 20 226 20
228 324 226 324
228 332 226 334
228 84 226 84
228 340 226 340
228 348 226 348
228 356 226 356
228 364 226 364
228 92 226 92
228 372 226 372
228 380 226 380
228 388 226 388
228 396 226 396
228 100 226 100
228 404 226 404
228 412 226 412
228 420 226 420
228 428 226 428
228 108 226 108
228 28 226 28
228 116 226 116
228 124 226 124
916 132 914 132
916 140 914 140
916 36 914 36
916 148 914 148
916 156 914 156
916 164 914 164
916 172 914 172
916 44 914 44
916 180 914 180
916 188 914 188
916 12 914 12
916 196 914 196
916 204 914 204
916 52 914 52
916 212 914 212
916 220 914 220
916 228 914 228
916 60 914 60
916 244 916 264
916 252 916 272
916 4 914 4
916 260 916 282
916 268 916 290
916 68 914 68
916 276 916 298
916 284 918 306
916 292 916 316
916 300 916 322
916 76 914 76
916 308 918 328
916 316 918 336
916 20 914 20
916 324 918 346
916 332 918 354
916 84 914 84
916 340 918 364
916 348 918 372
916 356 918 378
916 92 914 92
916 396 918 398
916 100 914 100
916 404 914 402
916 412 914 412
916 420 914 420
916 428 914 428
916 108 914 108
916 28 914 28
916 116 912 116
916 124 910 124
924 132 922 132
924 140 922 140
924 36 922 36
924 148 922 148
924 156 922 156
924 164 922 164
924 172 922 172
924 44 922 44
924 180 922 180
924 188 922 188
924 12 922 12
924 196 922 196
924 204 922 204
924 52 922 52
924 212 922 212
924 220 922 220
924 228 922 228
924 60 922 60
924 244 924 264
924 252 922 272
924 4 922 4
924 260 924 282
924 268 924 290
924 68 922 68
924 276 924 300
924 284 924 308
924 292 926 314
924 300 926 322
924 76 922 76
924 308 924 334
924 316 926 336
924 20 922 20
924 324 926 346
924 332 924 358
924 84 922 84
924 340 926 364
924 348 926 370
924 92 922 92
924 396 924 398
924 100 922 100
924 404 922 404
924 412 924 412
924 420 922 420
924 428 922 428
924 108 922 108
924 28 922 28
924 116 922 116
924 124 922 124
932 132 930 132
932 140 930 140
932 36 930 36
932 148 930 148
932 156 930 156
932 164 930 164
932 172 930 172
932 44 930 44
932 180 930 180
932 188 930 188
932 12 930 12
932 196 930 196
932 204 930 204
932 52 930 52
932 212 930 212
932 220 930 220
932 228 930 228
932 236 930 236
932 60 930 60
932 244 934 264
932 252 932 272
932 4 930 6
932 260 932 282
932 268 932 290
932 68 930 68
932 276 932 300
932 284 932 308
932 292 932 314
932 300 934 322
932 76 930 76
932 308 934 332
932 316 932 342
932 20 930 20
932 324 934 346
932 332 934 354
932 84 932 84
932 340 934 364
932 348 934 370
932 356 934 378
932 92 930 92
932 396 930 396
932 100 930 100
932 404 930 404
932 412 932 412
932 420 932 420
932 428 930 428
932 108 930 108
932 28 930 28
932 116 930 116
932 124 930 124
940 132 938 132
940 140 938 140
940 36 938 36
940 148 938 148
940 156 938 156
940 164 938 164
940 172 938 172
940 44 938 44
940 180 938 180
940 188 938 188
940 12 938 12
940 196 938 196
940 204 938 204
940 52 938 52
940 212 938 212
940 220 938 220
940 228 938 228
940 236 938 236
940 60 938 60
940 252 940 272
940 4 938 4
940 260 940 282
940 268 940 290
940 68 938 68
940 276 942 298
940 284 940 308
940 292 942 314
940 300 940 322
940 76 936 76
940 308 940 332
940 316 942 336
940 20 938 20
940 324 942 344
940 332 942 354
940 84 938 84
940 340 940 364
940 92 938 92
940 388 940 390
940 396 938 396
940 100 938 100
940 404 938 404
940 412 938 412
940 420 938 420
940 428 940 428
940 108 938 108
940 28 938 28
940 116 938 116
940 124 938 124
236 132 234 132
236 140 234 140
236 36 234 36
236 148 234 148
236 156 234 156
236 164 234 164
236 172 234 172
236 44 234 44
236 180 234 180
236 188 234 188
236 12 234 12
236 196 234 196
236 204 234 204
236 52 234 52
236 212 234 212
236 220 234 220
236 228 234 228
236 236 234 236
236 60 234 60
236 244 234 244
236 252 234 252
236 4 234 4
236 260 234 260
236 268 234 268
236 68 234 68
236 276 234 276
236 284 234 284
236 292 234 292
236 300 234 300
236 76 234 76
236 308 234 308
236 316 234 316
236 20 234 20
236 324 234 324
236 332 234 332
236 84 234 84
236 340 234 340
236 348 234 348
236 356 234 356
236 364 234 364
236 92 234 92
236 372 234 372
236 380 234 380
236 388 234 388
236 396 234 396
236 100 234 100
236 404 234 404
236 412 234 412
236 420 234 420
236 428 234 428
236 108 234 108
236 28 234 28
236 116 234 116
236 124 234 124
948 132 946 132
948 140 946 140
948 36 946 36
948 148 946 148
948 156 946 156
948 164 946 164
948 172 946 172
948 44 946 44
948 180 946 180
948 188 946 188
948 12 946 12
948 196 946 196
948 204 946 204
948 52 946 52
948 212 946 212
948 220 946 220
948 228 946 228
948 236 946 236
948 60 946 60
948 244 946 244
948 4 946 4
948 260 950 282
948 268 948 290
948 68 946 68
948 276 950 298
948 284 948 306
948 300 950 322
948 76 944 76
948 308 948 330
948 316 950 338
948 20 946 20
948 324 950 346
948 332 950 354
948 84 946 84
948 340 950 362
948 92 946 92
948 388 946 390
948 396 946 396
948 100 946 100
948 404 946 404
948 412 946 412
948 420 946 420
948 428 946 428
948 108 946 108
948 28 946 28
948 116 946 116
948 124 944 124
956 132 954 132
956 140 954 140
956 36 954 36
956 148 954 148
956 156 954 156
956 164 954 164
956 172 954 174
956 44 954 44
956 180 954 180
956 188 954 188
956 12 954 12
956 196 954 196
956 204 954 204
956 52 954 52
956 212 954 212
956 220 954 220
956 228 954 228
956 236 954 236
956 60 954 60
956 244 954 244
956 252 956 252
956 4 954 4
956 268 956 290
956 68 954 68
956 276 956 298
956 284 958 304
956 292 958 314
956 300 958 320
956 76 954 76
956 308 956 330
956 316 956 340
956 20 954 20
956 324 958 346
956 332 958 354
956 84 954 84
956 340 958 362
956 92 954 92
956 388 954 388
956 396 954 396
956 100 954 100
956 404 954 404
956 412 954 412
956 420 954 420
956 428 954 426
956 108 954 108
956 28 954 28
956 116 954 116
956 124 954 124
60 132 54 132
60 140 56 140
60 36 58 36
60 148 54 148
60 156 54 156
60 164 54 164
60 172 54 172
60 44 58 44
60 180 56 180
60 188 56 188
60 12 58 12
60 204 54 204
60 52 58 52
60 212 56 212
60 220 58 220
60 228 58 228
60 236 58 236
60 60 58 60
60 244 58 244
60 252 58 252
60 4 58 4
60 260 58 260
60 268 58 268
60 68 58 68
60 276 58 276
60 284 58 284
60 292 58 292
60 300 58 300
60 76 58 76
60 308 58 308
60 316 58 316
60 20 58 20
60 324 58 324
60 332 58 332
60 84 58 84
60 340 58 340
60 348 58 348
60 356 58 356
60 364 58 364
60 92 54 92
60 372 58 372
60 380 58 380
60 388 58 388
60 396 58 396
60 404 58 404
60 412 58 412
60 420 58 420
60 428 58 428
60 108 54 108
60 28 58 28
60 116 54 114
60 124 54 124
964 132 962 130
964 140 962 140
964 36 962 36
964 148 962 148
964 156 962 156
964 164 962 164
964 172 962 174
964 44 962 44
964 180 962 180
964 188 962 188
964 12 962 12
964 196 962 194
964 204 962 200
964 52 962 52
964 212 962 208
964 220 962 216
964 228 962 226
964 236 962 236
964 60 960 60
964 244 962 244
964 252 962 252
964 4 962 4
964 260 958 260
964 68 962 68
964 284 964 306
964 292 964 316
964 300 964 324
964 76 962 76
964 308 964 332
964 316 964 340
964 20 962 20
964 324 964 350
964 332 966 354
964 84 962 84
964 340 966 362
964 92 962 92
964 388 962 388
964 396 964 396
964 100 962 100
964 404 962 404
964 412 962 412
964 420 962 420
964 428 962 426
964 108 962 108
964 28 962 28
964 116 962 114
964 124 962 124
972 132 970 132
972 140 970 140
972 36 970 36
972 148 970 148
972 156 970 156
972 164 970 164
972 172 970 172
972 44 970 44
972 180 970 180
972 188 970 186
972 12 972 12
972 196 970 194
972 204 970 202
972 52 970 52
972 212 970 210
972 220 970 216
972 228 970 226
972 236 970 236
972 60 968 60
972 244 970 244
972 252 970 252
972 4 970 4
972 260 970 260
972 268 970 268
972 68 970 68
972 284 972 304
972 292 972 312
972 300 974 324
972 76 970 76
972 308 974 330
972 316 974 338
972 20 970 20
972 324 974 346
972 332 974 354
972 84 970 84
972 92 970 92
972 388 970 388
972 396 970 396
972 100 970 100
972 404 970 404
972 412 972 412
972 420 970 420
972 428 970 428
972 108 970 108
972 28 970 28
972 116 970 116
972 124 970 124
244 132 240 132
244 140 242 140
244 36 242 36
244 148 242 148
244 156 242 156
244 164 242 164
244 172 242 172
244 44 242 44
244 180 242 180
244 188 242 188
244 12 242 12
244 196 242 196
244 204 242 204
244 52 242 52
244 212 242 212
244 220 242 220
244 228 242 228
244 236 242 236
244 60 242 60
244 244 242 244
244 252 242 252
244 4 242 4
244 260 242 260
244 268 242 268
244 68 242 68
244 276 242 276
244 284 242 284
244 292 242 292
244 300 242 300
244 76 242 76
244 308 242 308
244 316 242 316
244 20 242 20
244 324 242 324
244 332 242 332
244 84 242 84
244 340 242 340
244 348 242 348
244 356 242 356
244 364 242 364
244 92 242 92
244 372 242 372
244 380 242 380
244 388 242 388
244 396 242 396
244 100 242 100
244 404 242 404
244 412 242 412
244 420 242 420
244 428 242 428
244 108 242 108
244 28 242 28
244 116 242 116
244 124 242 124
980 132 978 132
980 140 978 140
980 36 978 36
980 148 978 148
980 156 978 156
980 164 978 164
980 172 978 172
980 44 978 44
980 180 978 180
980 188 978 188
980 12 978 12
980 196 978 196
980 204 978 204
980 52 978 50
980 212 978 210
980 220 978 220
980 228 978 228
980 236 978 236
980 60 978 60
980 244 978 244
980 252 978 252
980 4 978 4
980 260 978 260
980 268 978 268
980 68 978 68
980 276 978 276
980 284 982 304
980 292 980 314
980 300 980 322
980 76 978 76
980 308 980 330
980 316 980 338
980 20 978 20
980 332 980 356
980 84 978 84
980 92 978 92
980 380 978 380
980 388 978 388
980 396 978 396
980 100 978 100
980 404 978 404
980 412 978 412
980 420 978 420
980 428 978 428
980 108 978 108
980 28 978 28
980 116 978 116
980 124 978 124
988 132 986 132
988 140 986 140
988 36 986 36
988 148 986 148
988 156 986 156
988 164 986 164
988 172 986 172
988 44 986 44
988 180 986 180
988 188 986 188
988 12 986 12
988 196 986 196
988 204 986 204
988 52 986 50
988 212 986 212
988 220 986 220
988 228 986 228
988 236 986 236
988 60 986 60
988 244 986 244
988 252 986 252
988 4 986 4
988 260 986 260
988 268 986 268
988 68 986 68
988 276 986 276
988 300 990 322
988 76 986 76
988 308 990 330
988 20 986 22
988 84 986 84
988 364 990 364
988 92 986 92
988 372 988 372
988 380 986 380
988 388 986 388
988 396 986 396
988 100 986 100
988 404 986 404
988 412 988 412
988 420 988 420
988 428 986 428
988 108 986 108
988 28 986 28
988 116 986 116
988 124 986 124
996 132 994 132
996 140 994 140
996 36 994 34
996 148 994 148
996 156 994 156
996 164 994 164
996 172 994 172
996 44 994 44
996 180 994 180
996 188 994 188
996 12 994 12
996 196 994 196
996 204 994 204
996 52 994 52
996 212 994 212
996 220 994 220
996 228 994 228
996 236 994 236
996 60 994 60
996 244 994 244
996 252 994 252
996 4 994 4
996 260 994 260
996 268 994 268
996 68 994 68
996 276 994 276
996 284 994 284
996 292 994 292
996 300 994 302
996 76 994 76
996 308 994 310
996 20 994 22
996 332 996 334
996 84 994 84
996 340 996 340
996 348 998 350
996 356 994 358
996 364 994 364
996 92 994 92
996 372 994 372
996 380 994 380
996 388 994 388
996 396 996 396
996 100 994 100
996 404 994 404
996 412 994 412
996 420 994 420
996 428 994 428
996 108 994 108
996 28 994 28
996 116 994 116
996 124 994 124
1004 132 1002 132
1004 140 1002 140
1004 148 1002 148
1004 156 1004 156
1004 164 1002 164
1004 172 1002 172
1004 44 1002 44
1004 180 1002 180
1004 188 1002 188
1004 196 1002 196
1004 204 1002 204
1004 52 1002 52
1004 212 1002 212
1004 220 1002 220
1004 228 1002 228
1004 236 1002 236
1004 60 1002 60
1004 244 1002 244
1004 252 1002 252
1004 4 1002 4
1004 260 1002 260
1004 268 1002 268
1004 276 1002 276
1004 284 1002 284
1004 292 1002 292
1004 300 1002 300
1004 76 1002 76
1004 308 1002 308
1004 316 1002 316
1004 20 1004 20
1004 324 1002 324
1004 332 1002 332
1004 84 1002 84
1004 340 1002 340
1004 348 1002 348
1004 356 1002 356
1004 364 1002 362
1004 92 1002 92
1004 372 1002 372
1004 380 1002 380
1004 388 1002 388
1004 396 1002 396
1004 404 1002 404
1004 412 1002 412
1004 420 1002 420
1004 428 1002 428
1004 108 1002 108
1004 28 1002 30
1004 116 1002 116
1004 124 1002 124
252 132 250 132
252 140 250 140
252 36 250 36
252 148 250 148
252 156 250 156
252 164 250 164
252 172 250 172
252 44 250 44
252 180 250 180
252 188 250 188
252 12 250 12
252 196 250 196
252 204 250 204
252 52 250 52
252 212 250 212
252 220 250 220
252 228 250 228
252 236 250 236
252 60 250 60
252 244 250 244
252 252 250 252
252 4 250 4
252 260 250 260
252 268 250 268
252 68 250 68
252 276 250 276
252 284 250 284
252 292 250 292
252 300 250 300
252 76 250 76
252 308 250 308
252 316 250 316
252 20 250 20
252 324 250 324
252 332 250 332
252 84 250 84
252 340 250 340
252 348 250 348
252 356 250 356
252 364 250 364
252 92 250 92
252 372 250 372
252 380 250 380
252 388 250 388
252 396 250 396
252 100 250 100
252 404 250 404
252 412 250 412
252 420 250 420
252 428 250 428
252 108 250 108
252 28 250 28
252 116 250 116
252 124 250 124
1012 132 1010 132
1012 140 1010 140
1012 156 1012 156
1012 164 1010 164
1012 172 1010 172
1012 44 1010 44
1012 180 1010 180
1012 188 1010 188
1012 12 1012 12
1012 196 1010 196
1012 204 1010 204
1012 212 1010 212
1012 220 1010 220
1012 228 1010 228
1012 236 1010 236
1012 60 1012 60
1012 244 1010 244
1012 252 1010 252
1012 4 1010 4
1012 260 1010 260
1012 268 1010 268
1012 276 1010 276
1012 284 1010 284
1012 292 1010 292
1012 300 1010 300
1012 308 1010 308
1012 316 1010 316
1012 20 1010 20
1012 324 1010 324
1012 332 1010 332
1012 340 1010 340
1012 348 1010 348
1012 356 1010 356
1012 364 1010 364
1012 92 1012 92
1012 372 1010 372
1012 380 1010 380
1012 388 1010 388
1012 396 1010 396
1012 100 1012 100
1012 404 1010 404
1012 412 1010 412
1012 420 1010 420
1012 428 1010 428
1012 108 1010 108
1012 28 1010 28
1012 116 1010 116
1012 124 1010 124
1020 132 1018 134
1020 140 1020 140
1020 148 1020 148
1020 156 1020 156
1020 164 1018 164
1020 172 1018 172
1020 44 1020 44
1020 180 1018 180
1020 188 1018 188
1020 12 1020 12
1020 196 1018 196
1020 204 1018 204
1020 212 1018 212
1020 220 1018 220
1020 228 1018 228
1020 236 1018 236
1020 244 1016 244
1020 252 1018 252
1020 4 1018 4
1020 260 1018 260
1020 268 1018 268
1020 276 1018 276
1020 284 1018 284
1020 292 1018 292
1020 300 1018 300
1020 308 1018 308
1020 316 1018 316
1020 324 1018 324
1020 332 1018 332
1020 340 1018 340
1020 348 1018 348
1020 356 1018 356
1020 364 1018 364
1020 372 1018 372
1020 380 1018 380
1020 388 1018 388
1020 396 1018 396
1020 100 1020 100
1020 404 1018 404
1020 412 1018 412
1020 420 1018 420
1020 428 1018 428
1020 108 1020 108
1020 28 1018 28
1020 116 1020 116
1020 124 1020 124
4 132 2 132
4 140 0 140
4 36 2 36
4 44 2 44
4 12 2 12
4 52 2 52
4 60 2 60
4 4 2 4
4 68 2 68
4 276 2 272
4 284 0 286
4 292 2 292
4 300 2 300
4 76 2 74
4 308 2 308
4 316 2 316
4 20 6 22
4 324 2 324
4 332 2 332
4 340 2 340
4 348 2 348
4 356 2 356
4 364 2 364
4 372 2 372
4 380 0 380
4 388 2 388
4 396 2 396
4 404 2 404
4 412 2 412
4 420 4 420
4 428 4 428
4 28 4 28
4 124 0 124
260 132 258 132
260 140 258 140
260 36 258 36
260 148 258 148
260 156 258 156
260 164 258 164
260 172 260 172
260 44 258 44
260 180 258 180
260 188 258 188
260 12 258 12
260 196 258 196
260 204 258 204
260 52 258 52
260 212 258 212
260 220 258 220
260 228 258 228
260 236 258 236
260 60 258 60
260 244 258 244
260 252 258 252
260 4 258 4
260 260 258 260
260 268 258 268
260 68 258 68
260 276 258 276
260 284 258 284
260 292 258 292
260 300 258 300
260 76 258 76
260 308 258 308
260 316 258 316
260 20 258 20
260 324 258 324
260 332 258 332
260 84 258 84
260 340 258 340
260 348 258 348
260 356 258 356
260 364 258 364
260 92 258 94
260 372 258 372
260 380 258 380
260 388 258 388
260 396 260 396
260 100 258 100
260 404 258 404
260 412 258 412
260 420 258 420
260 428 258 428
260 108 258 108
260 28 258 28
260 116 258 116
260 124 258 124
268 132 266 132
268 140 266 140
268 36 266 36
268 148 266 148
268 156 266 156
268 164 266 164
268 172 266 172
268 44 266 44
268 180 266 180
268 188 266 188
268 12 266 12
268 196 266 196
268 204 266 204
268 52 266 52
268 212 266 212
268 220 266 220
268 228 266 228
268 236 266 236
268 60 266 60
268 244 266 244
268 252 266 252
268 4 266 4
268 260 266 260
268 268 266 268
268 68 266 70
268 276 266 276
268 284 266 284
268 292 266 292
268 300 266 300
268 76 266 76
268 308 266 308
268 316 266 316
268 20 266 20
268 324 266 324
268 332 266 332
268 84 266 84
268 340 268 340
268 348 266 348
268 356 266 356
268 364 266 364
268 92 266 94
268 372 266 372
268 380 266 380
268 388 266 388
268 396 266 396
268 100 266 100
268 404 266 404
268 412 266 412
268 420 266 420
268 428 266 428
268 108 266 108
268 28 266 28
268 116 268 116
268 124 266 124
68 132 64 132
68 140 64 140
68 36 66 36
68 148 62 148
68 164 62 164
68 44 66 44
68 180 64 180
68 188 64 188
68 12 66 12
68 196 64 196
68 204 66 204
68 52 66 52
68 212 66 212
68 220 66 220
68 228 66 228
68 236 66 236
68 60 66 60
68 244 66 244
68 252 66 252
68 4 66 4
68 260 66 260
68 268 66 268
68 68 66 68
68 276 66 276
68 284 66 284
68 292 66 292
68 300 66 300
68 76 66 76
68 308 66 308
68 316 66 316
68 20 66 20
68 324 66 324
68 332 66 332
68 84 66 84
68 340 66 340
68 348 66 348
68 356 66 356
68 364 66 364
68 92 66 92
68 372 66 372
68 380 66 380
68 388 66 388
68 396 66 396
68 100 62 100
68 404 66 404
68 412 66 412
68 420 66 420
68 428 66 426
68 108 62 108
68 28 66 28
68 116 64 116
68 124 62 124
276 132 272 132
276 140 274 140
276 36 274 36
276 148 274 148
276 156 274 156
276 164 274 164
276 172 274 172
276 44 274 44
276 180 274 180
276 188 274 188
276 12 274 12
276 196 274 196
276 204 274 204
276 52 274 52
276 212 274 212
276 220 274 220
276 228 274 228
276 236 274 236
276 60 274 60
276 244 274 244
276 252 274 252
276 4 274 4
276 260 274 260
276 268 274 268
276 68 274 68
276 276 274 276
276 284 274 284
276 292 274 292
276 300 274 300
276 76 274 78
276 308 274 308
276 316 274 316
276 20 274 20
276 324 274 324
276 332 274 332
276 84 274 84
276 340 274 340
276 348 274 348
276 356 274 356
276 364 274 364
276 92 274 92
276 372 274 372
276 380 274 380
276 388 274 388
276 396 274 396
276 100 274 100
276 404 274 404
276 412 274 412
276 420 274 420
276 428 274 428
276 108 274 108
276 28 274 28
276 116 276 116
276 124 274 124
284 132 280 132
284 140 282 140
284 36 282 36
284 148 282 148
284 156 282 156
284 164 282 164
284 172 282 172
284 44 282 44
284 180 282 180
284 188 282 188
284 12 282 12
284 196 282 196
284 204 282 204
284 52 282 52
284 212 282 212
284 220 282 220
284 228 282 228
284 236 282 236
284 60 282 60
284 244 282 244
284 252 282 252
284 4 282 4
284 260 282 260
284 268 282 268
284 68 282 68
284 276 282 276
284 284 282 284
284 292 282 292
284 300 282 300
284 76 282 76
284 308 282 308
284 316 282 316
284 20 282 20
284 324 282 324
284 332 282 332
284 84 282 84
284 340 282 340
284 348 282 348
284 356 282 356
284 364 282 364
284 92 282 92
284 372 282 372
284 380 282 376
284 388 282 390
284 396 282 396
284 100 282 100
284 404 284 402
284 108 282 108
284 28 282 28
284 116 282 116
284 124 282 124
292 132 290 132
292 140 290 140
292 36 290 36
292 148 290 148
292 156 290 156
292 164 290 164
292 172 290 172
292 44 290 44
292 180 290 180
292 188 290 188
292 12 290 12
292 196 290 196
292 204 290 204
292 52 290 52
292 212 290 212
292 220 290 220
292 228 290 228
292 236 290 236
292 60 290 62
292 244 290 244
292 252 290 252
292 4 290 4
292 260 290 260
292 268 290 268
292 68 290 68
292 276 290 276
292 284 290 284
292 292 290 292
292 300 290 300
292 76 290 76
292 308 290 308
292 316 290 316
292 20 290 20
292 324 290 324
292 332 290 332
292 84 290 84
292 340 290 340
292 348 290 348
292 364 290 362
292 92 290 92
292 372 290 370
292 380 290 378
292 388 290 388
292 100 290 100
292 420 286 414
292 428 286 424
292 108 290 108
292 28 290 28
292 116 290 116
292 124 290 124
300 132 298 132
300 140 298 140
300 36 298 36
300 148 298 148
300 156 298 156
300 164 298 164
300 172 298 172
300 44 298 44
300 180 298 180
300 188 298 188
300 12 298 12
300 196 298 196
300 204 298 204
300 52 298 52
300 212 298 212
300 220 298 220
300 228 298 228
300 236 298 236
300 60 298 60
300 244 298 244
300 252 298 252
300 4 298 4
300 260 298 260
300 268 298 268
300 68 298 68
300 276 298 276
300 284 298 284
300 292 298 292
300 300 298 300
300 76 298 76
300 308 298 308
300 316 298 316
300 20 298 20
300 324 298 324
300 332 298 332
300 84 298 84
300 340 298 340
300 348 300 344
300 356 300 352
300 364 298 366
300 92 298 92
300 372 298 370
300 396 294 394
300 100 298 100
300 108 298 108
300 28 298 28
300 116 298 116
300 124 298 124
76 132 72 132
76 140 72 140
76 36 74 36
76 148 70 148
76 156 70 156
76 164 70 164
76 172 70 172
76 44 74 44
76 180 72 180
76 188 74 186
76 12 74 12
76 196 74 196
76 204 74 204
76 52 74 52
76 212 74 212
76 220 74 220
76 228 74 228
76 236 74 236
76 60 74 60
76 244 74 244
76 252 74 252
76 4 74 4
76 260 74 260
76 268 74 268
76 68 74 68
76 276 74 276
76 284 74 284
76 292 74 292
76 300 74 300
76 76 74 76
76 308 74 308
76 316 74 316
76 20 74 20
76 324 74 324
76 332 74 332
76 84 74 84
76 340 74 340
76 348 74 348
76 356 74 356
76 364 74 364
76 92 74 92
76 372 74 372
76 380 74 380
76 388 74 388
76 396 74 396
76 100 70 100
76 404 74 404
76 412 74 412
76 420 74 420
76 428 76 426
76 108 70 108
76 28 74 28
76 124 70 124
308 132 306 132
308 140 306 140
308 36 306 36
308 148 306 148
308 156 306 156
308 164 306 164
308 172 306 172
308 44 306 44
308 180 306 180
308 188 306 188
308 12 306 12
308 196 306 196
308 204 306 204
308 52 306 52
308 212 306 212
308 220 306 220
308 228 306 228
308 236 306 236
308 60 306 60
308 244 306 244
308 252 306 252
308 4 306 4
308 260 306 260
308 268 306 268
308 68 306 68
308 276 306 276
308 284 306 284
308 292 306 292
308 300 306 300
308 76 306 76
308 308 306 308
308 316 306 316
308 20 306 20
308 324 306 324
308 332 306 332
308 84 306 84
308 340 306 340
308 348 306 346
308 356 306 354
308 364 304 366
308 92 306 92
308 372 304 372
308 380 306 378
308 100 306 100
308 108 306 108
308 28 306 28
308 116 306 116
308 124 306 124
316 132 314 132
316 140 314 140
316 36 314 36
316 148 314 148
316 156 314 156
316 164 314 164
316 172 314 172
316 44 314 44
316 180 314 180
316 188 314 188
316 12 314 12
316 196 314 196
316 204 314 204
316 52 314 52
316 212 314 212
316 220 314 220
316 228 314 228
316 236 314 236
316 60 314 60
316 244 314 244
316 252 314 252
316 4 314 4
316 260 314 260
316 268 314 268
316 68 314 68
316 276 314 276
316 284 314 284
316 292 314 292
316 300 314 300
316 76 314 76
316 308 314 308
316 316 314 316
316 20 314 20
316 324 314 324
316 332 316 330
316 84 314 84
316 340 314 338
316 348 314 346
316 356 314 354
316 364 314 364
316 92 314 92
316 372 312 370
316 380 312 380
316 388 312 386
316 396 310 396
316 100 314 100
316 404 310 402
316 412 310 410
316 420 308 418
316 428 308 426
316 108 314 108
316 28 314 28
316 116 314 116
316 124 314 124
20 132 16 130
20 140 16 138
20 36 18 38
20 148 16 146
20 156 14 156
20 164 14 164
20 172 14 172
20 44 18 46
20 180 14 180
20 188 14 188
20 12 18 12
20 196 14 196
20 204 14 204
20 52 18 54
20 212 14 212
20 220 14 220
20 228 16 228
20 236 14 236
20 60 18 62
20 252 14 252
20 4 18 4
20 260 14 260
20 268 18 268
20 68 18 70
20 276 18 276
20 284 18 284
20 292 18 292
20 300 18 300
20 76 18 78
20 308 18 308
20 316 18 316
20 20 18 22
20 324 18 324
20 332 18 332
20 84 18 84
20 340 18 340
20 348 18 348
20 356 18 356
20 364 18 364
20 92 14 92
20 372 18 372
20 380 18 380
20 388 18 388
20 396 18 396
20 100 14 100
20 404 18 404
20 412 20 412
20 420 20 420
20 428 18 428
20 108 14 108
20 28 18 30
20 116 14 116
324 132 322 132
324 140 322 140
324 36 324 36
324 148 322 148
324 156 322 156
324 164 322 164
324 172 322 172
324 44 322 44
324 180 322 180
324 188 322 188
324 12 322 12
324 196 322 196
324 204 322 204
324 52 322 52
324 212 322 212
324 220 322 220
324 228 322 228
324 236 322 236
324 60 322 60
324 244 322 244
324 252 322 252
324 4 322 4
324 260 322 260
324 268 322 268
324 68 322 68
324 276 322 276
324 284 322 284
324 292 322 292
324 300 324 300
324 76 322 76
324 308 324 308
324 316 320 318
324 20 322 20
324 324 322 324
324 332 324 330
324 84 322 84
324 340 322 338
324 348 322 346
324 356 322 354
324 364 322 362
324 92 322 92
324 372 320 370
324 380 320 378
324 388 320 386
324 396 318 394
324 100 322 100
324 404 318 402
324 412 316 410
324 420 316 418
324 428 316 424
324 108 322 108
324 28 322 28
324 116 322 116
324 124 322 124
332 132 330 132
332 140 328 140
332 36 330 36
332 148 330 148
332 156 330 156
332 164 330 164
332 172 330 172
332 44 330 44
332 180 330 180
332 188 330 188
332 12 330 12
332 196 330 196
332 204 330 204
332 52 330 52
332 212 330 212
332 220 330 220
332 228 330 228
332 236 330 236
332 60 330 60
332 244 330 244
332 252 330 252
332 4 330 4
332 260 330 260
332 268 330 268
332 68 330 68
332 276 330 276
332 284 330 284
332 292 330 292
332 300 330 300
332 76 330 76
332 316 332 316
332 20 330 20
332 324 332 322
332 332 332 330
332 84 330 84
332 340 330 338
332 348 330 346
332 356 330 354
332 364 328 362
332 92 330 92
332 372 328 370
332 380 328 382
332 396 326 396
332 100 330 100
332 404 326 404
332 412 324 412
332 420 324 420
332 428 322 426
332 108 330 108
332 28 330 28
332 116 332 116
332 124 330 124
84 140 80 140
84 36 82 36
84 148 78 148
84 156 78 156
84 164 78 164
84 172 78 172
84 44 82 44
84 180 80 180
84 188 84 186
84 12 82 12
84 196 82 196
84 204 82 204
84 52 82 52
84 212 82 212
84 220 82 220
84 228 82 228
84 236 82 236
84 60 82 60
84 244 82 244
84 252 82 252
84 4 82 4
84 260 82 260
84 268 82 268
84 68 82 68
84 276 82 276
84 284 82 284
84 292 82 292
84 300 82 300
84 76 82 76
84 308 82 308
84 316 82 316
84 20 82 20
84 324 82 324
84 332 82 332
84 84 82 84
84 340 82 340
84 348 82 348
84 356 82 356
84 364 82 364
84 92 82 92
84 372 82 372
84 380 82 380
84 388 82 388
84 396 82 396
84 100 80 100
84 404 82 404
84 412 84 412
84 420 82 420
84 428 82 426
84 28 82 28
84 116 82 114
84 124 80 122
340 132 338 132
340 140 338 140
340 36 340 36
340 148 338 148
340 156 338 156
340 164 338 164
340 172 338 172
340 44 338 44
340 180 338 180
340 188 338 188
340 12 338 12
340 196 338 196
340 204 338 204
340 52 338 52
340 212 338 212
340 220 338 220
340 228 338 228
340 236 338 236
340 60 340 60
340 244 338 244
340 252 338 252
340 4 338 4
340 260 338 260
340 268 338 268
340 68 338 68
340 276 338 276
340 284 338 284
340 292 338 292
340 300 340 300
340 76 338 76
340 316 342 314
340 20 338 20
340 324 342 324
340 332 340 330
340 84 338 84
340 340 340 338
340 348 338 344
340 356 338 352
340 364 336 362
340 92 338 92
340 372 336 372
340 388 334 388
340 396 334 396
340 100 338 100
340 404 332 404
340 412 332 412
340 420 334 418
340 428 332 430
340 108 338 108
340 28 340 28
340 116 338 116
340 124 338 124
348 132 346 132
348 140 344 140
348 36 346 36
348 148 346 148
348 156 346 156
348 164 348 164
348 172 346 172
348 44 346 44
348 180 344 180
348 12 346 12
348 196 346 196
348 204 346 204
348 52 348 52
348 212 346 212
348 220 346 220
348 228 346 228
348 236 346 236
348 60 346 60
348 4 346 4
348 268 346 268
348 68 346 68
348 276 350 274
348 284 346 284
348 292 346 292
348 300 350 300
348 76 346 76
348 308 348 306
348 316 352 316
348 20 346 20
348 332 348 330
348 84 346 84
348 340 346 338
348 348 344 346
348 356 346 356
348 364 344 364
348 92 346 92
348 372 344 372
348 380 344 378
348 388 344 390
348 396 342 398
348 100 346 100
348 420 342 418
348 428 340 428
348 108 346 108
348 28 346 28
348 116 346 116
348 124 346 124
356 132 354 132
356 36 354 36
356 164 362 162
356 172 360 172
356 44 354 44
356 180 362 178
356 188 362 186
356 12 354 12
356 52 354 52
356 60 354 60
356 244 362 240
356 252 362 250
356 4 354 4
356 260 360 258
356 268 360 268
356 68 354 68
356 276 360 274
356 292 354 292
356 300 360 300
356 76 354 76
356 308 360 308
356 316 360 316
356 20 354 20
356 324 358 324
356 332 358 332
356 84 354 84
356 340 354 338
356 356 354 356
356 364 354 364
356 92 354 92
356 372 352 372
356 380 352 380
356 388 352 390
356 396 352 400
356 100 354 100
356 420 346 418
356 428 346 428
356 108 354 108
356 28 354 28
356 116 354 116
356 124 354 124
364 132 370 132
364 140 370 140
364 36 362 36
364 148 370 148
364 156 370 156
364 164 370 164
364 44 362 42
364 180 372 176
364 188 372 184
364 12 362 12
364 52 362 52
364 220 368 218
364 236 370 230
364 60 362 60
364 244 370 242
364 252 370 250
364 4 362 4
364 260 368 260
364 268 368 268
364 68 362 68
364 276 368 276
364 292 368 292
364 300 368 300
364 76 362 78
364 20 362 20
364 324 366 324
364 332 364 332
364 84 362 86
364 340 364 340
364 348 360 346
364 356 362 356
364 364 360 364
364 92 362 92
364 372 360 372
364 380 360 380
364 388 360 390
364 396 360 396
364 100 362 98
364 412 358 412
364 420 358 422
364 108 362 108
364 28 362 28
364 116 362 116
92 132 86 132
92 140 88 140
92 36 90 36
92 148 86 148
92 156 88 156
92 164 86 164
92 172 86 172
92 44 90 44
92 180 88 180
92 188 90 188
92 12 90 12
92 196 90 196
92 204 90 204
92 52 90 52
92 212 90 212
92 220 90 220
92 228 90 228
92 236 90 236
92 60 90 60
92 244 90 244
92 252 90 252
92 4 90 4
92 260 90 260
92 268 90 268
92 68 90 68
92 276 90 276
92 284 90 284
92 292 90 294
92 300 90 300
92 76 90 76
92 308 90 308
92 316 90 316
92 20 90 20
92 324 90 324
92 332 90 332
92 84 90 84
92 340 90 340
92 348 90 348
92 356 90 356
92 364 90 364
92 92 90 92
92 372 90 372
92 380 90 380
92 388 90 388
92 396 90 396
92 100 88 100
92 404 90 404
92 412 90 412
92 420 90 420
92 428 90 428
92 108 84 110
92 28 90 28
372 140 382 134
372 36 370 36
372 148 382 142
372 172 382 166
372 44 370 44
372 180 380 178
372 188 380 186
372 12 370 12
372 196 380 192
372 52 370 52
372 212 380 206
372 220 378 214
372 228 378 222
372 236 378 230
372 60 370 60
372 244 378 242
372 252 378 250
372 4 370 4
372 260 378 256
372 268 376 266
372 68 370 68
372 276 376 276
372 284 378 284
372 292 378 292
372 300 376 300
372 76 370 76
372 308 376 308
372 316 374 316
372 20 370 20
372 324 374 324
372 332 372 332
372 84 370 84
372 340 372 340
372 348 370 348
372 356 370 356
372 364 370 364
372 92 370 92
372 372 370 372
372 380 368 380
372 388 370 388
372 396 368 396
372 100 370 100
372 404 368 404
372 420 366 418
372 428 366 426
372 108 374 110
372 28 370 28
372 116 382 110
372 124 380 122
380 140 390 134
380 36 378 36
380 148 390 142
380 164 390 158
380 172 390 166
380 44 378 44
380 180 388 178
380 188 388 184
380 12 378 12
380 196 388 192
380 52 378 52
380 212 386 208
380 220 386 216
380 236 388 232
380 60 378 60
380 244 388 240
380 252 386 250
380 4 378 4
380 260 386 258
380 268 386 266
380 68 378 68
380 276 386 276
380 284 386 284
380 292 384 292
380 300 384 302
380 76 378 76
380 316 382 316
380 20 378 20
380 324 380 324
380 332 380 332
380 84 378 84
380 340 380 340
380 348 380 348
380 356 380 356
380 364 378 366
380 92 378 94
380 372 378 372
380 380 378 380
380 388 376 388
380 396 376 396
380 404 376 406
380 412 376 412
380 420 374 422
380 428 378 428
380 28 378 28
380 116 388 114
380 124 388 122
388 132 398 128
388 140 396 138
388 36 386 36
388 164 398 160
388 44 386 44
388 180 398 176
388 188 398 184
388 12 386 12
388 52 386 52
388 212 394 208
388 220 394 216
388 228 396 224
388 236 396 232
388 60 386 60
388 244 394 240
388 252 394 248
388 4 386 4
388 260 396 256
388 268 396 264
388 68 386 68
388 276 394 276
388 284 396 286
388 292 398 294
388 76 386 76
388 308 390 310
388 316 390 314
388 20 386 20
388 332 388 332
388 340 388 340
388 348 388 350
388 356 388 358
388 364 386 364
388 372 386 374
388 380 384 380
388 388 386 390
388 396 386 396
388 404 386 406
388 412 384 414
388 420 384 422
388 108 396 106
388 28 386 28
388 116 396 112
388 124 396 122
396 132 406 126
396 140 406 134
396 36 394 36
396 148 406 144
396 164 406 158
396 172 406 168
396 44 394 44
396 180 406 176
396 12 394 14
396 196 406 192
396 52 394 54
396 212 406 206
396 220 404 216
396 228 404 224
396 60 394 60
396 244 406 236
396 252 404 250
396 4 394 4
396 260 406 256
396 68 394 68
396 276 404 272
396 292 402 288
396 300 404 296
396 308 400 312
396 316 398 318
396 20 394 20
396 332 396 332
396 340 396 340
396 348 396 350
396 356 394 354
396 364 396 368
396 92 404 90
396 380 394 382
396 388 394 390
396 396 394 396
396 100 404 98
396 420 392 422
396 428 392 430
396 28 394 28
396 116 408 108
396 124 406 118
100 132 96 130
100 140 96 140
100 36 98 36
100 148 96 148
100 156 96 156
100 164 98 162
100 172 96 172
100 44 98 44
100 180 98 180
100 188 98 188
100 12 98 12
100 196 98 198
100 204 98 204
100 52 98 52
100 212 98 212
100 220 98 220
100 228 98 228
100 236 98 236
100 60 98 60
100 244 98 244
100 252 98 252
100 4 98 4
100 260 98 260
100 268 98 268
100 68 98 70
100 276 98 276
100 284 98 284
100 292 98 292
100 300 98 300
100 76 98 76
100 308 98 308
100 316 98 316
100 20 98 20
100 324 98 324
100 332 98 332
100 84 98 86
100 340 98 340
100 348 102 348
100 356 98 356
100 364 98 364
100 92 96 94
100 372 98 372
100 380 98 380
100 388 98 388
100 396 98 396
100 100 96 100
100 404 98 404
100 412 98 412
100 420 98 420
100 428 98 426
100 108 92 108
100 28 98 28
100 116 90 116
100 124 98 124
404 132 414 126
404 140 416 132
404 36 402 36
404 148 416 140
404 164 414 158
404 172 414 168
404 44 402 44
404 180 414 176
404 12 402 12
404 196 414 192
404 52 402 52
404 220 416 214
404 60 402 60
404 4 402 4
404 268 414 262
404 284 414 278
404 292 412 288
404 300 412 296
404 308 408 310
404 316 408 318
404 20 402 20
404 332 406 334
404 84 412 82
404 340 404 340
404 348 404 350
404 356 404 358
404 364 404 368
404 92 410 90
404 372 404 378
404 388 402 390
404 396 400 394
404 100 412 96
404 404 402 406
404 412 402 414
404 428 400 430
404 28 402 28
412 132 422 126
412 36 412 36
412 148 420 146
412 172 422 168
412 44 410 44
412 180 422 176
412 188 422 184
412 12 410 12
412 204 422 198
412 52 410 52
412 220 420 218
412 228 420 226
412 236 420 232
412 60 410 60
412 252 420 246
412 4 410 4
412 260 420 254
412 68 412 70
412 276 422 270
412 284 422 278
412 300 422 294
412 76 422 72
412 316 416 322
412 20 410 20
412 332 414 334
412 84 420 80
412 340 412 342
412 348 412 350
412 356 412 358
412 364 412 368
412 92 418 90
412 372 412 376
412 388 410 390
412 396 410 400
412 100 420 96
412 404 410 408
412 412 406 418
412 428 408 432
412 28 412 28
412 116 422 110
420 132 430 126
420 140 430 134
420 36 418 36
420 148 430 142
420 156 430 150
420 164 430 158
420 172 432 164
420 44 418 44
420 180 432 174
420 12 418 12
420 196 430 190
420 204 430 198
420 52 418 54
420 212 430 208
420 236 430 230
420 60 420 58
420 244 430 238
420 252 430 246
420 4 418 4
420 260 430 252
420 268 430 262
420 276 430 272
420 300 430 294
420 76 424 74
420 308 430 304
420 20 420 20
420 324 424 326
420 340 420 342
420 348 420 350
420 356 420 360
420 364 420 368
420 92 430 86
420 372 420 376
420 388 418 392
420 396 418 400
420 100 430 94
420 404 418 410
420 428 416 434
420 108 430 102
420 28 418 28
420 116 430 110
420 124 430 118
428 132 438 126
428 140 438 134
428 36 426 36
428 148 438 142
428 156 440 146
428 164 440 156
428 172 440 164
428 44 426 44
428 188 438 184
428 12 426 12
428 196 438 192
428 204 438 200
428 52 426 54
428 212 438 208
428 220 438 218
428 236 438 230
428 60 428 58
428 244 438 238
428 252 438 248
428 4 426 4
428 260 438 256
428 268 438 264
428 68 430 66
428 276 438 272
428 284 438 280
428 300 438 296
428 76 432 74
428 308 438 304
428 20 426 22
428 324 434 326
428 332 432 338
428 84 436 80
428 340 430 344
428 348 430 352
428 356 430 360
428 372 426 374
428 100 438 94
428 404 426 408
428 412 426 416
428 428 424 434
428 108 440 100
428 28 426 30
428 116 438 110
428 124 438 118
108 132 104 134
108 140 104 140
108 36 106 36
108 156 104 154
108 164 106 162
108 172 106 170
108 44 106 46
108 180 106 180
108 188 106 188
108 12 106 12
108 196 106 196
108 204 106 204
108 52 106 54
108 212 106 212
108 220 106 220
108 228 106 228
108 236 106 236
108 60 106 60
108 244 106 244
108 252 106 252
108 4 106 4
108 260 106 260
108 268 106 268
108 68 106 68
108 276 106 276
108 284 106 284
108 292 106 292
108 300 106 300
108 76 106 76
108 308 106 308
108 316 106 316
108 20 106 20
108 324 106 324
108 332 106 332
108 84 106 84
108 340 106 340
108 348 108 348
108 356 106 356
108 364 106 364
108 92 104 92
108 372 106 372
108 380 106 380
108 388 106 388
108 396 106 396
108 100 104 100
108 404 106 404
108 412 106 412
108 420 106 420
108 428 106 426
108 108 102 106
108 28 106 28
108 116 102 114
108 124 104 124
436 132 446 126
436 140 446 134
436 36 434 36
436 148 448 140
436 156 448 148
436 164 448 156
436 172 448 164
436 44 434 44
436 180 448 172
436 188 448 178
436 12 436 12
436 196 446 190
436 52 436 52
436 220 446 218
436 228 448 222
436 60 436 58
436 244 448 238
436 252 446 248
436 4 434 4
436 260 448 254
436 268 446 264
436 68 436 66
436 276 448 270
436 284 448 278
436 292 448 286
436 300 448 294
436 316 446 312
436 20 436 20
436 332 440 338
436 84 448 78
436 340 440 344
436 348 438 352
436 356 438 360
436 364 438 368
436 380 436 386
436 100 446 94
436 412 436 418
436 420 434 424
436 428 434 434
436 28 434 28
436 116 446 110
436 124 446 118
444 140 454 134
444 36 442 38
444 148 456 140
444 156 456 148
444 164 456 156
444 172 456 164
444 44 442 46
444 180 456 172
444 188 456 178
444 12 444 12
444 196 456 186
444 204 452 198
444 52 444 50
444 212 452 206
444 236 456 230
444 60 442 60
444 244 456 238
444 252 456 246
444 4 442 4
444 260 456 254
444 268 458 258
444 68 442 66
444 276 456 270
444 284 456 278
444 292 456 286
444 300 454 296
444 308 456 302
444 20 442 22
444 348 446 352
444 356 446 360
444 364 446 368
444 92 454 86
444 380 446 384
444 100 454 94
444 428 442 434
444 108 454 102
444 28 442 30
444 116 454 110
444 124 454 118
28 140 24 138
28 36 26 36
28 156 22 158
28 164 22 164
28 172 22 172
28 44 26 44
28 180 22 180
28 188 22 188
28 12 26 14
28 196 22 196
28 204 22 204
28 52 26 54
28 212 22 212
28 220 22 220
28 236 22 236
28 60 26 60
28 244 22 244
28 252 22 252
28 4 26 4
28 260 26 260
28 268 26 268
28 68 26 70
28 276 26 276
28 284 26 284
28 292 26 292
28 300 26 300
28 76 26 76
28 308 26 308
28 316 26 316
28 20 26 20
28 324 26 324
28 332 26 332
28 84 26 84
28 340 26 340
28 348 26 348
28 356 26 356
28 364 26 364
28 92 26 92
28 372 26 372
28 380 26 380
28 388 26 388
28 396 26 396
28 404 26 404
28 412 26 412
28 420 28 420
28 428 26 428
28 108 22 108
28 28 26 28
28 116 22 116
28 124 22 124
452 132 462 126
452 140 464 130
452 36 450 36
452 148 464 138
452 156 464 146
452 164 464 156
452 172 464 164
452 44 450 44
452 180 464 172
452 188 464 180
452 12 452 12
452 196 464 186
452 204 464 194
452 52 452 52
452 236 464 230
452 60 450 60
452 244 464 238
452 252 464 244
452 4 450 4
452 260 464 252
452 268 464 260
452 68 450 66
452 276 464 266
452 292 464 288
452 300 464 296
452 76 460 74
452 20 450 20
452 324 456 328
452 332 456 336
452 340 454 344
452 348 454 352
452 356 454 360
452 364 454 370
452 92 462 86
452 372 452 376
452 100 462 94
452 428 450 434
452 108 462 102
452 28 450 28
452 116 462 110
452 124 464 116
460 132 470 126
460 36 460 36
460 156 472 146
460 164 472 154
460 172 472 164
460 44 458 44
460 180 472 172
460 188 472 180
460 12 458 12
460 196 472 188
460 204 472 198
460 52 458 52
460 220 472 210
460 228 472 222
460 236 472 228
460 60 458 60
460 244 472 236
460 252 472 244
460 4 458 4
460 260 472 252
460 268 472 260
460 68 460 68
460 276 472 268
460 308 472 304
460 20 458 20
460 324 464 328
460 332 464 336
460 84 470 78
460 340 462 344
460 348 462 352
460 356 462 360
460 364 462 368
460 92 470 86
460 372 462 376
460 380 462 388
460 100 470 94
460 108 470 102
460 28 458 28
116 132 112 132
116 140 112 140
116 36 114 38
116 148 112 148
116 156 112 156
116 164 114 164
116 172 114 172
116 44 114 44
116 180 114 180
116 188 114 188
116 12 114 12
116 196 114 196
116 204 114 204
116 52 114 52
116 212 114 212
116 220 114 220
116 228 114 228
116 236 114 236
116 60 114 60
116 244 114 244
116 252 114 252
116 4 114 4
116 260 114 260
116 268 114 268
116 68 114 68
116 276 114 276
116 284 114 284
116 292 114 292
116 300 114 300
116 76 114 76
116 308 114 308
116 316 114 316
116 20 114 20
116 324 114 324
116 332 114 332
116 84 114 84
116 340 114 340
116 348 114 348
116 356 114 356
116 364 114 364
116 92 114 92
116 372 114 372
116 380 114 380
116 388 114 388
116 396 114 396
116 100 112 100
116 404 114 404
116 412 114 412
116 420 114 420
116 428 114 428
116 108 112 108
116 28 114 28
116 116 112 118
116 124 112 124
468 132 478 126
468 140 480 130
468 36 466 36
468 148 478 142
468 156 480 146
468 164 480 154
468 172 480 164
468 44 466 44
468 180 480 172
468 188 480 182
468 12 466 12
468 196 482 186
468 52 466 52
468 212 482 204
468 220 482 210
468 236 480 228
468 60 468 60
468 244 480 236
468 252 480 244
468 4 466 4
468 260 480 254
468 268 480 260
468 68 468 68
468 276 480 268
468 284 480 276
468 292 480 284
468 300 480 292
468 76 476 74
468 308 480 302
468 20 466 20
468 324 472 328
468 332 472 336
468 84 476 80
468 340 472 344
468 348 470 352
468 356 470 362
468 364 470 370
468 372 470 378
468 380 470 388
468 388 470 396
468 396 470 406
468 100 478 94
468 404 470 414
468 420 470 426
468 108 478 102
468 28 468 28
468 124 478 118
476 132 486 126
476 36 474 36
476 148 486 142
476 156 488 146
476 164 488 156
476 172 488 166
476 44 474 44
476 180 488 174
476 188 488 180
476 12 474 12
476 196 490 186
476 52 474 52
476 212 490 202
476 220 488 212
476 60 474 60
476 252 488 244
476 4 476 4
476 260 488 254
476 68 478 68
476 276 488 268
476 284 488 276
476 292 490 284
476 316 482 318
476 20 474 20
476 324 480 328
476 332 480 338
476 84 484 80
476 348 478 354
476 356 478 362
476 364 478 370
476 372 478 378
476 380 478 386
476 388 476 394
476 396 478 404
476 100 486 94
476 404 476 416
476 420 476 426
476 428 476 434
476 108 486 102
476 28 476 28
476 124 486 118
484 132 494 126
484 140 494 136
484 36 482 36
484 148 496 138
484 156 496 148
484 164 496 158
484 172 496 166
484 44 484 44
484 180 496 174
484 12 482 12
484 196 498 186
484 204 498 192
484 52 482 52
484 212 496 204
484 220 496 212
484 228 496 220
484 236 496 226
484 60 482 60
484 244 496 238
484 252 496 246
484 4 482 4
484 260 496 252
484 68 482 66
484 276 496 268
484 284 496 278
484 292 494 288
484 76 490 74
484 308 488 308
484 316 488 320
484 20 482 20
484 324 488 330
484 332 488 338
484 340 488 344
484 348 486 354
484 356 486 362
484 364 486 370
484 92 492 88
484 372 486 378
484 380 486 386
484 388 486 396
484 396 484 402
484 100 496 92
484 404 484 412
484 412 484 420
484 420 484 426
484 428 484 434
484 108 494 102
484 28 482 28
484 124 494 118
492 132 502 126
492 140 504 128
492 36 490 36
492 148 504 140
492 156 504 148
492 164 504 158
492 172 504 164
492 44 490 44
492 180 504 170
492 188 504 180
492 12 490 12
492 196 504 186
492 204 504 192
492 52 490 52
492 220 504 212
492 228 504 220
492 236 504 228
492 60 490 60
492 244 504 238
492 252 504 246
492 4 490 4
492 260 502 256
492 268 504 260
492 276 504 270
492 284 504 278
492 292 502 288
492 300 502 296
492 308 502 308
492 316 494 316
492 20 490 20
492 324 496 328
492 332 496 338
492 340 496 344
492 348 496 354
492 356 494 362
492 364 494 370
492 372 494 378
492 380 494 386
492 388 494 396
492 396 494 402
492 100 502 96
492 404 492 412
492 412 492 420
492 420 492 426
492 428 492 434
492 108 502 104
492 28 492 28
492 124 502 116
124 132 120 132
124 140 120 140
124 36 122 36
124 148 120 148
124 156 122 156
124 164 122 164
124 172 122 172
124 44 122 44
124 180 122 180
124 188 122 188
124 12 122 12
124 196 122 196
124 204 122 204
124 52 122 54
124 212 122 212
124 220 122 220
124 228 122 228
124 236 122 236
124 60 122 62
124 244 122 244
124 252 122 252
124 4 122 4
124 268 122 268
124 68 122 70
124 276 122 276
124 284 122 284
124 292 122 292
124 300 122 300
124 76 122 78
124 308 122 308
124 316 122 316
124 20 122 20
124 324 122 324
124 332 122 332
124 84 122 86
124 340 122 340
124 348 122 348
124 356 122 356
124 364 122 364
124 92 122 92
124 372 122 372
124 380 122 380
124 388 122 388
124 396 122 396
124 100 122 100
124 404 122 404
124 412 122 412
124 420 122 420
124 428 122 428
124 108 122 108
124 28 122 28
124 116 122 116
124 124 120 124
500 140 512 130
500 36 498 36
500 148 512 138
500 156 512 144
500 164 512 152
500 172 512 162
500 44 498 44
500 180 512 170
500 188 512 178
500 12 498 12
500 196 512 184
500 52 500 52
500 212 514 200
500 220 512 212
500 236 512 230
500 60 498 60
500 244 512 238
500 252 514 246
500 4 498 4
500 260 512 254
500 268 514 260
500 68 500 66
500 276 514 268
500 284 510 280
500 292 508 292
500 300 508 300
500 76 498 74
500 308 508 308
500 20 498 20
500 324 504 328
500 332 504 338
500 84 508 82
500 340 504 346
500 348 504 356
500 356 504 362
500 364 502 370
500 92 510 88
500 372 502 378
500 380 502 386
500 388 502 396
500 396 500 402
500 100 508 98
500 404 502 412
500 412 502 422
500 420 500 426
500 428 500 434
500 108 508 104
500 28 500 28
508 36 506 36
508 148 520 134
508 156 520 144
508 164 520 152
508 172 520 162
508 44 506 44
508 180 520 170
508 188 520 176
508 12 506 12
508 196 520 188
508 204 520 194
508 52 506 52
508 220 522 208
508 228 522 218
508 236 522 226
508 60 508 60
508 244 522 238
508 252 524 242
508 4 506 4
508 260 522 254
508 268 522 260
508 68 506 68
508 276 520 270
508 284 518 280
508 292 518 290
508 300 516 300
508 308 514 310
508 316 514 320
508 20 506 20
508 324 512 330
508 332 512 338
508 84 516 82
508 340 512 346
508 348 512 354
508 356 512 362
508 364 510 370
508 92 516 88
508 372 510 378
508 380 510 388
508 388 510 398
508 396 510 404
508 404 510 412
508 412 510 422
508 420 508 426
508 428 508 434
508 108 518 102
508 28 506 28
